Hour,P_PV_to_Load,P_PV_to_BESS,P_PV_curtailment,P_PV_to_Grid,P_BESS_to_Load,P_BESS_to_Grid,P_Grid_to_Load,P_Grid_to_BESS,SoC,sum_power_flows
0,0.0,0.0,0.0,0.0,0.0,0.0,0.0,0.0,0.0,0.0
1,0.0,0.0,0.0,0.0,0.0,0.0,0.0,0.0,0.0,0.0
2,0.0,0.0,0.0,0.0,0.0,0.0,0.0,0.0,0.0,0.0
3,0.0,0.0,0.0,0.0,0.0,0.0,0.0,0.0,0.0,0.0
4,0.0,0.0,0.0,0.0,0.0,0.0,0.0,0.0,0.0,0.0
5,0.0,0.0,0.0,0.0,0.0,0.0,750.0,0.0,0.0,750.0
6,0.0,0.0,0.0,0.0,0.0,0.0,3000.0,0.0,0.0,3000.0
7,0.0,0.0,0.0,0.0,0.0,0.0,3000.0,0.0,0.0,3000.0
8,0.0,0.0,0.0,0.0,0.0,0.0,3000.0,0.0,0.0,3000.0
9,504.96,0.0,0.0,0.0,0.0,0.0,2510.1888,0.0,0.0,3015.1488
10,2551.11,0.0,0.0,0.0,0.0,0.0,525.4233,0.0,0.0,3076.5333
11,916.059,0.0,0.0,0.0,0.0,0.0,2111.42277,0.0,0.0,3027.4817700000003
12,953.595,0.0,0.0,0.0,0.0,0.0,2075.01285,0.0,0.0,3028.6078500000003
13,1174.4385,0.0,0.0,0.0,0.0,0.0,1860.794655,0.0,0.0,3035.233155
14,0.0,0.0,0.0,0.0,0.0,0.0,3000.0,0.0,0.0,3000.0
15,0.0,0.0,0.0,0.0,0.0,0.0,3000.0,0.0,0.0,3000.0
16,1149.723,0.0,0.0,0.0,0.0,0.0,1884.76869,0.0,0.0,3034.49169
17,0.0,0.0,0.0,0.0,0.0,0.0,3000.0,0.0,0.0,3000.0
18,0.0,0.0,0.0,0.0,0.0,0.0,3000.0,0.0,0.0,3000.0
19,0.0,0.0,0.0,0.0,0.0,0.0,3000.0,0.0,0.0,3000.0
20,0.0,0.0,0.0,0.0,0.0,0.0,3000.0,0.0,0.0,3000.0
21,0.0,0.0,0.0,0.0,0.0,0.0,3000.0,0.0,0.0,3000.0
22,0.0,0.0,0.0,0.0,0.0,0.0,3000.0,0.0,0.0,3000.0
23,0.0,0.0,0.0,0.0,0.0,0.0,0.0,0.0,0.0,0.0
24,0.0,0.0,0.0,0.0,0.0,0.0,0.0,0.0,0.0,0.0
25,0.0,0.0,0.0,0.0,0.0,0.0,0.0,0.0,0.0,0.0
26,0.0,0.0,0.0,0.0,0.0,0.0,0.0,0.0,0.0,0.0
27,0.0,0.0,0.0,0.0,0.0,0.0,0.0,0.0,0.0,0.0
28,0.0,0.0,0.0,0.0,0.0,0.0,0.0,0.0,0.0,0.0
29,0.0,0.0,0.0,0.0,0.0,0.0,750.0,0.0,0.0,750.0
30,0.0,0.0,0.0,0.0,0.0,0.0,3000.0,0.0,0.0,3000.0
31,0.0,0.0,0.0,0.0,0.0,0.0,3000.0,0.0,0.0,3000.0
32,0.0,0.0,0.0,0.0,0.0,0.0,3000.0,0.0,0.0,3000.0
33,866.5545,0.0,0.0,0.0,0.0,0.0,2159.442135,0.0,0.0,3025.9966349999995
34,1021.926,0.0,0.0,0.0,0.0,0.0,2008.73178,0.0,0.0,3030.65778
35,2186.31,0.0,0.0,0.0,0.0,0.0,879.2793,0.0,0.0,3065.5893
36,440.217,0.0,0.0,0.0,0.0,0.0,2572.98951,0.0,0.0,3013.20651
37,979.6425,0.0,0.0,0.0,0.0,0.0,2049.746775,0.0,0.0,3029.389275
38,0.0,0.0,0.0,0.0,0.0,0.0,3000.0,0.0,0.0,3000.0
39,0.0,0.0,0.0,0.0,0.0,0.0,3000.0,0.0,0.0,3000.0
40,1149.7185,0.0,0.0,0.0,0.0,0.0,1884.773055,0.0,0.0,3034.491555
41,0.0,0.0,0.0,0.0,0.0,0.0,3000.0,0.0,0.0,3000.0
42,0.0,0.0,0.0,0.0,0.0,0.0,3000.0,0.0,0.0,3000.0
43,0.0,0.0,0.0,0.0,0.0,0.0,3000.0,0.0,0.0,3000.0
44,0.0,0.0,0.0,0.0,0.0,0.0,3000.0,0.0,0.0,3000.0
45,0.0,0.0,0.0,0.0,0.0,0.0,3000.0,0.0,0.0,3000.0
46,0.0,0.0,0.0,0.0,0.0,0.0,3000.0,0.0,0.0,3000.0
47,0.0,0.0,0.0,0.0,0.0,0.0,0.0,0.0,0.0,0.0
48,0.0,0.0,0.0,0.0,0.0,0.0,0.0,0.0,0.0,0.0
49,0.0,0.0,0.0,0.0,0.0,0.0,0.0,0.0,0.0,0.0
50,0.0,0.0,0.0,0.0,0.0,0.0,0.0,0.0,0.0,0.0
51,0.0,0.0,0.0,0.0,0.0,0.0,0.0,0.0,0.0,0.0
52,0.0,0.0,0.0,0.0,0.0,0.0,0.0,0.0,0.0,0.0
53,0.0,0.0,0.0,0.0,0.0,0.0,750.0,0.0,0.0,750.0
54,0.0,0.0,0.0,0.0,0.0,0.0,3000.0,0.0,0.0,3000.0
55,0.0,0.0,0.0,0.0,0.0,0.0,3000.0,0.0,0.0,3000.0
56,0.0,0.0,0.0,0.0,0.0,0.0,3000.0,0.0,0.0,3000.0
57,0.14791845,0.0,0.0,0.0,0.0,0.0,2999.8565191035,0.0,0.0,3000.0044375535
58,0.362082,0.0,0.0,0.0,0.0,0.0,2999.64878046,0.0,0.0,3000.01086246
59,52.65675,0.0,0.0,0.0,0.0,0.0,2948.9229525,0.0,0.0,3001.5797025
60,0.01890735,0.0,0.0,0.0,0.0,0.0,2999.9816598705,0.0,0.0,3000.0005672205
61,0.0,0.0,0.0,0.0,0.0,0.0,3000.0,0.0,0.0,3000.0
62,0.0,0.0,0.0,0.0,0.0,0.0,3000.0,0.0,0.0,3000.0
63,0.0,0.0,0.0,0.0,0.0,0.0,3000.0,0.0,0.0,3000.0
64,1087.482,0.0,0.0,0.0,0.0,0.0,1945.14246,0.0,0.0,3032.62446
65,0.0,0.0,0.0,0.0,0.0,0.0,3000.0,0.0,0.0,3000.0
66,0.0,0.0,0.0,0.0,0.0,0.0,3000.0,0.0,0.0,3000.0
67,0.0,0.0,0.0,0.0,0.0,0.0,3000.0,0.0,0.0,3000.0
68,0.0,0.0,0.0,0.0,0.0,0.0,3000.0,0.0,0.0,3000.0
69,0.0,0.0,0.0,0.0,0.0,0.0,3000.0,0.0,0.0,3000.0
70,0.0,0.0,0.0,0.0,0.0,0.0,3000.0,0.0,0.0,3000.0
71,0.0,0.0,0.0,0.0,0.0,0.0,0.0,0.0,0.0,0.0
72,0.0,0.0,0.0,0.0,0.0,0.0,0.0,0.0,0.0,0.0
73,0.0,0.0,0.0,0.0,0.0,0.0,0.0,0.0,0.0,0.0
74,0.0,0.0,0.0,0.0,0.0,0.0,0.0,0.0,0.0,0.0
75,0.0,0.0,0.0,0.0,0.0,0.0,0.0,0.0,0.0,0.0
76,0.0,0.0,0.0,0.0,0.0,0.0,0.0,0.0,0.0,0.0
77,0.0,0.0,0.0,0.0,0.0,0.0,750.0,0.0,0.0,750.0
78,0.0,0.0,0.0,0.0,0.0,0.0,3000.0,0.0,0.0,3000.0
79,0.0,0.0,0.0,0.0,0.0,0.0,3000.0,0.0,0.0,3000.0
80,0.0,0.0,0.0,0.0,0.0,0.0,3000.0,0.0,0.0,3000.0
81,1225.413,0.0,0.0,0.0,0.0,0.0,1811.34939,0.0,0.0,3036.76239
82,3092.78350515464,0.0,0.0,406.326494845361,0.0,0.0,0.0,0.0,0.0,3092.78350515464
83,2251.38,0.0,0.0,0.0,0.0,0.0,816.1614,0.0,0.0,3067.5414
84,846.924,0.0,0.0,0.0,0.0,0.0,2178.48372,0.0,0.0,3025.40772
85,1698.03,0.0,0.0,0.0,0.0,0.0,1352.9109,0.0,0.0,3050.9409
86,0.0,0.0,0.0,0.0,0.0,0.0,3000.0,0.0,0.0,3000.0
87,0.0,0.0,0.0,0.0,0.0,0.0,3000.0,0.0,0.0,3000.0
88,1030.083,0.0,0.0,0.0,0.0,0.0,2000.81949,0.0,0.0,3030.9024900000004
89,0.0,0.0,0.0,0.0,0.0,0.0,3000.0,0.0,0.0,3000.0
90,0.0,0.0,0.0,0.0,0.0,0.0,3000.0,0.0,0.0,3000.0
91,0.0,0.0,0.0,0.0,0.0,0.0,3000.0,0.0,0.0,3000.0
92,0.0,0.0,0.0,0.0,0.0,0.0,3000.0,0.0,0.0,3000.0
93,0.0,0.0,0.0,0.0,0.0,0.0,3000.0,0.0,0.0,3000.0
94,0.0,0.0,0.0,0.0,0.0,0.0,3000.0,0.0,0.0,3000.0
95,0.0,0.0,0.0,0.0,0.0,0.0,0.0,0.0,0.0,0.0
96,0.0,0.0,0.0,0.0,0.0,0.0,0.0,0.0,0.0,0.0
97,0.0,0.0,0.0,0.0,0.0,0.0,0.0,0.0,0.0,0.0
98,0.0,0.0,0.0,0.0,0.0,0.0,0.0,0.0,0.0,0.0
99,0.0,0.0,0.0,0.0,0.0,0.0,0.0,0.0,0.0,0.0
100,0.0,0.0,0.0,0.0,0.0,0.0,0.0,0.0,0.0,0.0
101,0.0,0.0,0.0,0.0,0.0,0.0,750.0,0.0,0.0,750.0
102,0.0,0.0,0.0,0.0,0.0,0.0,3000.0,0.0,0.0,3000.0
103,0.0,0.0,0.0,0.0,0.0,0.0,3000.0,0.0,0.0,3000.0
104,0.0,0.0,0.0,0.0,0.0,0.0,3000.0,0.0,0.0,3000.0
105,1852.125,0.0,0.0,0.0,0.0,0.0,1203.43875,0.0,0.0,3055.5637500000003
106,753.567,0.0,0.0,0.0,0.0,0.0,2269.04001,0.0,0.0,3022.60701
107,1366.827,0.0,0.0,0.0,0.0,0.0,1674.17781,0.0,0.0,3041.00481
108,812.523,0.0,0.0,0.0,0.0,0.0,2211.85269,0.0,0.0,3024.3756900000003
109,540.8115,0.0,0.0,0.0,0.0,0.0,2475.412845,0.0,0.0,3016.2243449999996
110,0.0,0.0,0.0,0.0,0.0,0.0,3000.0,0.0,0.0,3000.0
111,0.0,0.0,0.0,0.0,0.0,0.0,3000.0,0.0,0.0,3000.0
112,0.0,0.0,0.0,0.0,0.0,0.0,3000.0,0.0,0.0,3000.0
113,0.0,0.0,0.0,0.0,0.0,0.0,3000.0,0.0,0.0,3000.0
114,0.0,0.0,0.0,0.0,0.0,0.0,3000.0,0.0,0.0,3000.0
115,0.0,0.0,0.0,0.0,0.0,0.0,3000.0,0.0,0.0,3000.0
116,0.0,0.0,0.0,0.0,0.0,0.0,3000.0,0.0,0.0,3000.0
117,0.0,0.0,0.0,0.0,0.0,0.0,3000.0,0.0,0.0,3000.0
118,0.0,0.0,0.0,0.0,0.0,0.0,3000.0,0.0,0.0,3000.0
119,0.0,0.0,0.0,0.0,0.0,0.0,0.0,0.0,0.0,0.0
120,0.0,0.0,0.0,0.0,0.0,0.0,0.0,0.0,0.0,0.0
121,0.0,0.0,0.0,0.0,0.0,0.0,0.0,0.0,0.0,0.0
122,0.0,0.0,0.0,0.0,0.0,0.0,0.0,0.0,0.0,0.0
123,0.0,0.0,0.0,0.0,0.0,0.0,0.0,0.0,0.0,0.0
124,0.0,0.0,0.0,0.0,0.0,0.0,0.0,0.0,0.0,0.0
125,0.0,0.0,0.0,0.0,0.0,0.0,750.0,0.0,0.0,750.0
126,0.0,0.0,0.0,0.0,0.0,0.0,3000.0,0.0,0.0,3000.0
127,0.0,0.0,0.0,0.0,0.0,0.0,3000.0,0.0,0.0,3000.0
128,0.0,0.0,0.0,0.0,0.0,0.0,3000.0,0.0,0.0,3000.0
129,86.71635,0.0,0.0,0.0,0.0,0.0,2915.8851405,0.0,0.0,3002.6014905
130,248.0385,0.0,0.0,0.0,0.0,0.0,2759.402655,0.0,0.0,3007.441155
131,498.609,0.0,0.0,0.0,0.0,0.0,2516.34927,0.0,0.0,3014.95827
132,674.343,0.0,0.0,0.0,0.0,0.0,2345.88729,0.0,0.0,3020.23029
133,657.933,0.0,0.0,0.0,0.0,0.0,2361.80499,0.0,0.0,3019.73799
134,0.0,0.0,0.0,0.0,0.0,0.0,3000.0,0.0,0.0,3000.0
135,0.0,0.0,0.0,0.0,0.0,0.0,3000.0,0.0,0.0,3000.0
136,0.0,0.0,0.0,0.0,0.0,0.0,3000.0,0.0,0.0,3000.0
137,0.0,0.0,0.0,0.0,0.0,0.0,3000.0,0.0,0.0,3000.0
138,0.0,0.0,0.0,0.0,0.0,0.0,3000.0,0.0,0.0,3000.0
139,0.0,0.0,0.0,0.0,0.0,0.0,3000.0,0.0,0.0,3000.0
140,0.0,0.0,0.0,0.0,0.0,0.0,3000.0,0.0,0.0,3000.0
141,0.0,0.0,0.0,0.0,0.0,0.0,3000.0,0.0,0.0,3000.0
142,0.0,0.0,0.0,0.0,0.0,0.0,3000.0,0.0,0.0,3000.0
143,0.0,0.0,0.0,0.0,0.0,0.0,0.0,0.0,0.0,0.0
144,0.0,0.0,0.0,0.0,0.0,0.0,0.0,0.0,0.0,0.0
145,0.0,0.0,0.0,0.0,0.0,0.0,0.0,0.0,0.0,0.0
146,0.0,0.0,0.0,0.0,0.0,0.0,0.0,0.0,0.0,0.0
147,0.0,0.0,0.0,0.0,0.0,0.0,0.0,0.0,0.0,0.0
148,0.0,0.0,0.0,0.0,0.0,0.0,0.0,0.0,0.0,0.0
149,0.0,0.0,0.0,0.0,0.0,0.0,750.0,0.0,0.0,750.0
150,0.0,0.0,0.0,0.0,0.0,0.0,3000.0,0.0,0.0,3000.0
151,0.0,0.0,0.0,0.0,0.0,0.0,3000.0,0.0,0.0,3000.0
152,0.0,0.0,0.0,0.0,0.0,0.0,3000.0,0.0,0.0,3000.0
153,0.0,0.0,0.0,0.0,0.0,0.0,3000.0,0.0,0.0,3000.0
154,189.132,0.0,0.0,0.0,0.0,0.0,2816.54196,0.0,0.0,3005.67396
155,412.9155,0.0,0.0,0.0,0.0,0.0,2599.471965,0.0,0.0,3012.3874650000002
156,244.866,0.0,0.0,0.0,0.0,0.0,2762.47998,0.0,0.0,3007.34598
157,66.87885,0.0,0.0,0.0,0.0,0.0,2935.1275155,0.0,0.0,3002.0063655
158,0.0,0.0,0.0,0.0,0.0,0.0,3000.0,0.0,0.0,3000.0
159,0.0,0.0,0.0,0.0,0.0,0.0,3000.0,0.0,0.0,3000.0
160,0.0,0.0,0.0,0.0,0.0,0.0,3000.0,0.0,0.0,3000.0
161,0.0,0.0,0.0,0.0,0.0,0.0,3000.0,0.0,0.0,3000.0
162,0.0,0.0,0.0,0.0,0.0,0.0,3000.0,0.0,0.0,3000.0
163,0.0,0.0,0.0,0.0,0.0,0.0,3000.0,0.0,0.0,3000.0
164,0.0,0.0,0.0,0.0,0.0,0.0,3000.0,0.0,0.0,3000.0
165,0.0,0.0,0.0,0.0,0.0,0.0,3000.0,0.0,0.0,3000.0
166,0.0,0.0,0.0,0.0,0.0,0.0,3000.0,0.0,0.0,3000.0
167,0.0,0.0,0.0,0.0,0.0,0.0,0.0,0.0,0.0,0.0
168,0.0,0.0,0.0,0.0,0.0,0.0,0.0,0.0,0.0,0.0
169,0.0,0.0,0.0,0.0,0.0,0.0,0.0,0.0,0.0,0.0
170,0.0,0.0,0.0,0.0,0.0,0.0,0.0,0.0,0.0,0.0
171,0.0,0.0,0.0,0.0,0.0,0.0,0.0,0.0,0.0,0.0
172,0.0,0.0,0.0,0.0,0.0,0.0,0.0,0.0,0.0,0.0
173,0.0,0.0,0.0,0.0,0.0,0.0,750.0,0.0,0.0,750.0
174,0.0,0.0,0.0,0.0,0.0,0.0,3000.0,0.0,0.0,3000.0
175,0.0,0.0,0.0,0.0,0.0,0.0,3000.0,0.0,0.0,3000.0
176,0.0,0.0,0.0,0.0,0.0,0.0,3000.0,0.0,0.0,3000.0
177,485.538,0.0,0.0,0.0,0.0,0.0,2529.02814,0.0,0.0,3014.56614
178,232.119,0.0,0.0,0.0,0.0,0.0,2774.84457,0.0,0.0,3006.9635700000003
179,221.4495,0.0,0.0,0.0,0.0,0.0,2785.193985,0.0,0.0,3006.643485
180,168.4155,0.0,0.0,0.0,0.0,0.0,2836.636965,0.0,0.0,3005.052465
181,17.38305,0.0,0.0,0.0,0.0,0.0,2983.1384415,0.0,0.0,3000.5214915
182,0.0,0.0,0.0,0.0,0.0,0.0,3000.0,0.0,0.0,3000.0
183,0.0,0.0,0.0,0.0,0.0,0.0,3000.0,0.0,0.0,3000.0
184,0.0,0.0,0.0,0.0,0.0,0.0,3000.0,0.0,0.0,3000.0
185,0.0,0.0,0.0,0.0,0.0,0.0,3000.0,0.0,0.0,3000.0
186,0.0,0.0,0.0,0.0,0.0,0.0,3000.0,0.0,0.0,3000.0
187,0.0,0.0,0.0,0.0,0.0,0.0,3000.0,0.0,0.0,3000.0
188,0.0,0.0,0.0,0.0,0.0,0.0,3000.0,0.0,0.0,3000.0
189,0.0,0.0,0.0,0.0,0.0,0.0,3000.0,0.0,0.0,3000.0
190,0.0,0.0,0.0,0.0,0.0,0.0,3000.0,0.0,0.0,3000.0
191,0.0,0.0,0.0,0.0,0.0,0.0,0.0,0.0,0.0,0.0
192,0.0,0.0,0.0,0.0,0.0,0.0,0.0,0.0,0.0,0.0
193,0.0,0.0,0.0,0.0,0.0,0.0,0.0,0.0,0.0,0.0
194,0.0,0.0,0.0,0.0,0.0,0.0,0.0,0.0,0.0,0.0
195,0.0,0.0,0.0,0.0,0.0,0.0,0.0,0.0,0.0,0.0
196,0.0,0.0,0.0,0.0,0.0,0.0,0.0,0.0,0.0,0.0
197,0.0,0.0,0.0,0.0,0.0,0.0,750.0,0.0,0.0,750.0
198,0.0,0.0,0.0,0.0,0.0,0.0,3000.0,0.0,0.0,3000.0
199,0.0,0.0,0.0,0.0,0.0,0.0,3000.0,0.0,0.0,3000.0
200,0.0,0.0,0.0,0.0,0.0,0.0,3000.0,0.0,0.0,3000.0
201,564.543,0.0,0.0,0.0,0.0,0.0,2452.39329,0.0,0.0,3016.93629
202,895.3485,0.0,0.0,0.0,0.0,0.0,2131.511955,0.0,0.0,3026.860455
203,438.8685,0.0,0.0,0.0,0.0,0.0,2574.297555,0.0,0.0,3013.166055
204,413.3295,0.0,0.0,0.0,0.0,0.0,2599.070385,0.0,0.0,3012.399885
205,27.3999,0.0,0.0,0.0,0.0,0.0,2973.422097,0.0,0.0,3000.821997
206,0.0,0.0,0.0,0.0,0.0,0.0,3000.0,0.0,0.0,3000.0
207,0.0,0.0,0.0,0.0,0.0,0.0,3000.0,0.0,0.0,3000.0
208,0.0,0.0,0.0,0.0,0.0,0.0,3000.0,0.0,0.0,3000.0
209,0.0,0.0,0.0,0.0,0.0,0.0,3000.0,0.0,0.0,3000.0
210,0.0,0.0,0.0,0.0,0.0,0.0,3000.0,0.0,0.0,3000.0
211,0.0,0.0,0.0,0.0,0.0,0.0,3000.0,0.0,0.0,3000.0
212,0.0,0.0,0.0,0.0,0.0,0.0,3000.0,0.0,0.0,3000.0
213,0.0,0.0,0.0,0.0,0.0,0.0,3000.0,0.0,0.0,3000.0
214,0.0,0.0,0.0,0.0,0.0,0.0,3000.0,0.0,0.0,3000.0
215,0.0,0.0,0.0,0.0,0.0,0.0,0.0,0.0,0.0,0.0
216,0.0,0.0,0.0,0.0,0.0,0.0,0.0,0.0,0.0,0.0
217,0.0,0.0,0.0,0.0,0.0,0.0,0.0,0.0,0.0,0.0
218,0.0,0.0,0.0,0.0,0.0,0.0,0.0,0.0,0.0,0.0
219,0.0,0.0,0.0,0.0,0.0,0.0,0.0,0.0,0.0,0.0
220,0.0,0.0,0.0,0.0,0.0,0.0,0.0,0.0,0.0,0.0
221,0.0,0.0,0.0,0.0,0.0,0.0,750.0,0.0,0.0,750.0
222,0.0,0.0,0.0,0.0,0.0,0.0,3000.0,0.0,0.0,3000.0
223,0.0,0.0,0.0,0.0,0.0,0.0,3000.0,0.0,0.0,3000.0
224,0.0,0.0,0.0,0.0,0.0,0.0,3000.0,0.0,0.0,3000.0
225,656.283,0.0,0.0,0.0,0.0,0.0,2363.40549,0.0,0.0,3019.68849
226,761.697,0.0,0.0,0.0,0.0,0.0,2261.15391,0.0,0.0,3022.85091
227,130.1841,0.0,0.0,0.0,0.0,0.0,2873.721423,0.0,0.0,3003.905523
228,934.143,0.0,0.0,0.0,0.0,0.0,2093.88129,0.0,0.0,3028.02429
229,1974.375,0.0,0.0,0.0,0.0,0.0,1084.85625,0.0,0.0,3059.23125
230,0.0,0.0,0.0,0.0,0.0,0.0,3000.0,0.0,0.0,3000.0
231,0.0,0.0,0.0,0.0,0.0,0.0,3000.0,0.0,0.0,3000.0
232,0.0,0.0,0.0,0.0,0.0,0.0,3000.0,0.0,0.0,3000.0
233,0.0,0.0,0.0,0.0,0.0,0.0,3000.0,0.0,0.0,3000.0
234,0.0,0.0,0.0,0.0,0.0,0.0,3000.0,0.0,0.0,3000.0
235,0.0,0.0,0.0,0.0,0.0,0.0,3000.0,0.0,0.0,3000.0
236,0.0,0.0,0.0,0.0,0.0,0.0,3000.0,0.0,0.0,3000.0
237,0.0,0.0,0.0,0.0,0.0,0.0,3000.0,0.0,0.0,3000.0
238,0.0,0.0,0.0,0.0,0.0,0.0,3000.0,0.0,0.0,3000.0
239,0.0,0.0,0.0,0.0,0.0,0.0,0.0,0.0,0.0,0.0
240,0.0,0.0,0.0,0.0,0.0,0.0,0.0,0.0,0.0,0.0
241,0.0,0.0,0.0,0.0,0.0,0.0,0.0,0.0,0.0,0.0
242,0.0,0.0,0.0,0.0,0.0,0.0,0.0,0.0,0.0,0.0
243,0.0,0.0,0.0,0.0,0.0,0.0,0.0,0.0,0.0,0.0
244,0.0,0.0,0.0,0.0,0.0,0.0,0.0,0.0,0.0,0.0
245,0.0,0.0,0.0,0.0,0.0,0.0,750.0,0.0,0.0,750.0
246,0.0,0.0,0.0,0.0,0.0,0.0,3000.0,0.0,0.0,3000.0
247,0.0,0.0,0.0,0.0,0.0,0.0,3000.0,0.0,0.0,3000.0
248,0.0,0.0,0.0,0.0,0.0,0.0,3000.0,0.0,0.0,3000.0
249,583.6245,0.0,0.0,0.0,0.0,0.0,2433.884235,0.0,0.0,3017.508735
250,2814.78,0.0,0.0,0.0,0.0,0.0,269.6634,0.0,0.0,3084.4434
251,470.4645,0.0,0.0,0.0,0.0,0.0,2543.649435,0.0,0.0,3014.113935
252,434.3655,0.0,0.0,0.0,0.0,0.0,2578.665465,0.0,0.0,3013.030965
253,731.9055,0.0,0.0,0.0,0.0,0.0,2290.051665,0.0,0.0,3021.957165
254,0.0,0.0,0.0,0.0,0.0,0.0,3000.0,0.0,0.0,3000.0
255,0.0,0.0,0.0,0.0,0.0,0.0,3000.0,0.0,0.0,3000.0
256,0.0,0.0,0.0,0.0,0.0,0.0,3000.0,0.0,0.0,3000.0
257,0.0,0.0,0.0,0.0,0.0,0.0,3000.0,0.0,0.0,3000.0
258,0.0,0.0,0.0,0.0,0.0,0.0,3000.0,0.0,0.0,3000.0
259,0.0,0.0,0.0,0.0,0.0,0.0,3000.0,0.0,0.0,3000.0
260,0.0,0.0,0.0,0.0,0.0,0.0,3000.0,0.0,0.0,3000.0
261,0.0,0.0,0.0,0.0,0.0,0.0,3000.0,0.0,0.0,3000.0
262,0.0,0.0,0.0,0.0,0.0,0.0,3000.0,0.0,0.0,3000.0
263,0.0,0.0,0.0,0.0,0.0,0.0,0.0,0.0,0.0,0.0
264,0.0,0.0,0.0,0.0,0.0,0.0,0.0,0.0,0.0,0.0
265,0.0,0.0,0.0,0.0,0.0,0.0,0.0,0.0,0.0,0.0
266,0.0,0.0,0.0,0.0,0.0,0.0,0.0,0.0,0.0,0.0
267,0.0,0.0,0.0,0.0,0.0,0.0,0.0,0.0,0.0,0.0
268,0.0,0.0,0.0,0.0,0.0,0.0,0.0,0.0,0.0,0.0
269,0.0,0.0,0.0,0.0,0.0,0.0,750.0,0.0,0.0,750.0
270,0.0,0.0,0.0,0.0,0.0,0.0,3000.0,0.0,0.0,3000.0
271,0.0,0.0,0.0,0.0,0.0,0.0,3000.0,0.0,0.0,3000.0
272,0.0,0.0,0.0,0.0,0.0,0.0,3000.0,0.0,0.0,3000.0
273,285.2595,0.0,0.0,0.0,0.0,0.0,2723.298285,0.0,0.0,3008.557785
274,207.7785,0.0,0.0,0.0,0.0,0.0,2798.454855,0.0,0.0,3006.233355
275,218.079,0.0,0.0,0.0,0.0,0.0,2788.46337,0.0,0.0,3006.54237
276,436.0875,0.0,0.0,0.0,0.0,0.0,2576.995125,0.0,0.0,3013.082625
277,121.6149,0.0,0.0,0.0,0.0,0.0,2882.033547,0.0,0.0,3003.648447
278,0.0,0.0,0.0,0.0,0.0,0.0,3000.0,0.0,0.0,3000.0
279,0.0,0.0,0.0,0.0,0.0,0.0,3000.0,0.0,0.0,3000.0
280,0.0,0.0,0.0,0.0,0.0,0.0,3000.0,0.0,0.0,3000.0
281,0.0,0.0,0.0,0.0,0.0,0.0,3000.0,0.0,0.0,3000.0
282,0.0,0.0,0.0,0.0,0.0,0.0,3000.0,0.0,0.0,3000.0
283,0.0,0.0,0.0,0.0,0.0,0.0,3000.0,0.0,0.0,3000.0
284,0.0,0.0,0.0,0.0,0.0,0.0,3000.0,0.0,0.0,3000.0
285,0.0,0.0,0.0,0.0,0.0,0.0,3000.0,0.0,0.0,3000.0
286,0.0,0.0,0.0,0.0,0.0,0.0,3000.0,0.0,0.0,3000.0
287,0.0,0.0,0.0,0.0,0.0,0.0,0.0,0.0,0.0,0.0
288,0.0,0.0,0.0,0.0,0.0,0.0,0.0,0.0,0.0,0.0
289,0.0,0.0,0.0,0.0,0.0,0.0,0.0,0.0,0.0,0.0
290,0.0,0.0,0.0,0.0,0.0,0.0,0.0,0.0,0.0,0.0
291,0.0,0.0,0.0,0.0,0.0,0.0,0.0,0.0,0.0,0.0
292,0.0,0.0,0.0,0.0,0.0,0.0,0.0,0.0,0.0,0.0
293,0.0,0.0,0.0,0.0,0.0,0.0,750.0,0.0,0.0,750.0
294,0.0,0.0,0.0,0.0,0.0,0.0,3000.0,0.0,0.0,3000.0
295,0.0,0.0,0.0,0.0,0.0,0.0,3000.0,0.0,0.0,3000.0
296,0.0,0.0,0.0,0.0,0.0,0.0,3000.0,0.0,0.0,3000.0
297,419.295,0.0,0.0,0.0,0.0,0.0,2593.28385,0.0,0.0,3012.57885
298,175.3815,0.0,0.0,0.0,0.0,0.0,2829.879945,0.0,0.0,3005.261445
299,229.9965,0.0,0.0,0.0,0.0,0.0,2776.903395,0.0,0.0,3006.899895
300,174.834,0.0,0.0,0.0,0.0,0.0,2830.41102,0.0,0.0,3005.24502
301,38.853,0.0,0.0,0.0,0.0,0.0,2962.31259,0.0,0.0,3001.16559
302,0.0,0.0,0.0,0.0,0.0,0.0,3000.0,0.0,0.0,3000.0
303,0.0,0.0,0.0,0.0,0.0,0.0,3000.0,0.0,0.0,3000.0
304,0.0,0.0,0.0,0.0,0.0,0.0,3000.0,0.0,0.0,3000.0
305,0.0,0.0,0.0,0.0,0.0,0.0,3000.0,0.0,0.0,3000.0
306,0.0,0.0,0.0,0.0,0.0,0.0,3000.0,0.0,0.0,3000.0
307,0.0,0.0,0.0,0.0,0.0,0.0,3000.0,0.0,0.0,3000.0
308,0.0,0.0,0.0,0.0,0.0,0.0,3000.0,0.0,0.0,3000.0
309,0.0,0.0,0.0,0.0,0.0,0.0,3000.0,0.0,0.0,3000.0
310,0.0,0.0,0.0,0.0,0.0,0.0,3000.0,0.0,0.0,3000.0
311,0.0,0.0,0.0,0.0,0.0,0.0,0.0,0.0,0.0,0.0
312,0.0,0.0,0.0,0.0,0.0,0.0,0.0,0.0,0.0,0.0
313,0.0,0.0,0.0,0.0,0.0,0.0,0.0,0.0,0.0,0.0
314,0.0,0.0,0.0,0.0,0.0,0.0,0.0,0.0,0.0,0.0
315,0.0,0.0,0.0,0.0,0.0,0.0,0.0,0.0,0.0,0.0
316,0.0,0.0,0.0,0.0,0.0,0.0,0.0,0.0,0.0,0.0
317,0.0,0.0,0.0,0.0,0.0,0.0,750.0,0.0,0.0,750.0
318,0.0,0.0,0.0,0.0,0.0,0.0,3000.0,0.0,0.0,3000.0
319,0.0,0.0,0.0,0.0,0.0,0.0,3000.0,0.0,0.0,3000.0
320,0.0,0.0,0.0,0.0,0.0,0.0,3000.0,0.0,0.0,3000.0
321,894.0075,0.0,0.0,0.0,0.0,0.0,2132.812725,0.0,0.0,3026.820225
322,449.748,0.0,0.0,0.0,0.0,0.0,2563.74444,0.0,0.0,3013.49244
323,2140.965,0.0,0.0,0.0,0.0,0.0,923.26395,0.0,0.0,3064.22895
324,357.2925,0.0,0.0,0.0,0.0,0.0,2653.426275,0.0,0.0,3010.718775
325,218.6565,0.0,0.0,0.0,0.0,0.0,2787.903195,0.0,0.0,3006.559695
326,0.0,0.0,0.0,0.0,0.0,0.0,3000.0,0.0,0.0,3000.0
327,0.0,0.0,0.0,0.0,0.0,0.0,3000.0,0.0,0.0,3000.0
328,0.0,0.0,0.0,0.0,0.0,0.0,3000.0,0.0,0.0,3000.0
329,0.0,0.0,0.0,0.0,0.0,0.0,3000.0,0.0,0.0,3000.0
330,0.0,0.0,0.0,0.0,0.0,0.0,3000.0,0.0,0.0,3000.0
331,0.0,0.0,0.0,0.0,0.0,0.0,3000.0,0.0,0.0,3000.0
332,0.0,0.0,0.0,0.0,0.0,0.0,3000.0,0.0,0.0,3000.0
333,0.0,0.0,0.0,0.0,0.0,0.0,3000.0,0.0,0.0,3000.0
334,0.0,0.0,0.0,0.0,0.0,0.0,3000.0,0.0,0.0,3000.0
335,0.0,0.0,0.0,0.0,0.0,0.0,0.0,0.0,0.0,0.0
336,0.0,0.0,0.0,0.0,0.0,0.0,0.0,0.0,0.0,0.0
337,0.0,0.0,0.0,0.0,0.0,0.0,0.0,0.0,0.0,0.0
338,0.0,0.0,0.0,0.0,0.0,0.0,0.0,0.0,0.0,0.0
339,0.0,0.0,0.0,0.0,0.0,0.0,0.0,0.0,0.0,0.0
340,0.0,0.0,0.0,0.0,0.0,0.0,0.0,0.0,0.0,0.0
341,0.0,0.0,0.0,0.0,0.0,0.0,750.0,0.0,0.0,750.0
342,0.0,0.0,0.0,0.0,0.0,0.0,3000.0,0.0,0.0,3000.0
343,0.0,0.0,0.0,0.0,0.0,0.0,3000.0,0.0,0.0,3000.0
344,0.0,0.0,0.0,0.0,0.0,0.0,3000.0,0.0,0.0,3000.0
345,0.0,0.0,0.0,0.0,0.0,0.0,3000.0,0.0,0.0,3000.0
346,768.0735,0.0,0.0,0.0,0.0,0.0,2254.968705,0.0,0.0,3023.042205
347,195.303,0.0,0.0,0.0,0.0,0.0,2810.55609,0.0,0.0,3005.85909
348,122.1006,0.0,0.0,0.0,0.0,0.0,2881.562418,0.0,0.0,3003.663018
349,79.494,0.0,0.0,0.0,0.0,0.0,2922.89082,0.0,0.0,3002.38482
350,0.0,0.0,0.0,0.0,0.0,0.0,3000.0,0.0,0.0,3000.0
351,0.0,0.0,0.0,0.0,0.0,0.0,3000.0,0.0,0.0,3000.0
352,0.0,0.0,0.0,0.0,0.0,0.0,3000.0,0.0,0.0,3000.0
353,0.0,0.0,0.0,0.0,0.0,0.0,3000.0,0.0,0.0,3000.0
354,0.0,0.0,0.0,0.0,0.0,0.0,3000.0,0.0,0.0,3000.0
355,0.0,0.0,0.0,0.0,0.0,0.0,3000.0,0.0,0.0,3000.0
356,0.0,0.0,0.0,0.0,0.0,0.0,3000.0,0.0,0.0,3000.0
357,0.0,0.0,0.0,0.0,0.0,0.0,3000.0,0.0,0.0,3000.0
358,0.0,0.0,0.0,0.0,0.0,0.0,3000.0,0.0,0.0,3000.0
359,0.0,0.0,0.0,0.0,0.0,0.0,0.0,0.0,0.0,0.0
360,0.0,0.0,0.0,0.0,0.0,0.0,0.0,0.0,0.0,0.0
361,0.0,0.0,0.0,0.0,0.0,0.0,0.0,0.0,0.0,0.0
362,0.0,0.0,0.0,0.0,0.0,0.0,0.0,0.0,0.0,0.0
363,0.0,0.0,0.0,0.0,0.0,0.0,0.0,0.0,0.0,0.0
364,0.0,0.0,0.0,0.0,0.0,0.0,0.0,0.0,0.0,0.0
365,0.0,0.0,0.0,0.0,0.0,0.0,750.0,0.0,0.0,750.0
366,0.0,0.0,0.0,0.0,0.0,0.0,3000.0,0.0,0.0,3000.0
367,0.0,0.0,0.0,0.0,0.0,0.0,3000.0,0.0,0.0,3000.0
368,0.0,0.0,0.0,0.0,0.0,0.0,3000.0,0.0,0.0,3000.0
369,710.2155,0.0,0.0,0.0,0.0,0.0,2311.090965,0.0,0.0,3021.3064649999997
370,156.891,0.0,0.0,0.0,0.0,0.0,2847.81573,0.0,0.0,3004.70673
371,229.521,0.0,0.0,0.0,0.0,0.0,2777.36463,0.0,0.0,3006.88563
372,174.123,0.0,0.0,0.0,0.0,0.0,2831.10069,0.0,0.0,3005.2236900000003
373,49.21905,0.0,0.0,0.0,0.0,0.0,2952.2575215,0.0,0.0,3001.4765715000003
374,0.0,0.0,0.0,0.0,0.0,0.0,3000.0,0.0,0.0,3000.0
375,0.0,0.0,0.0,0.0,0.0,0.0,3000.0,0.0,0.0,3000.0
376,0.0,0.0,0.0,0.0,0.0,0.0,3000.0,0.0,0.0,3000.0
377,0.0,0.0,0.0,0.0,0.0,0.0,3000.0,0.0,0.0,3000.0
378,0.0,0.0,0.0,0.0,0.0,0.0,3000.0,0.0,0.0,3000.0
379,0.0,0.0,0.0,0.0,0.0,0.0,3000.0,0.0,0.0,3000.0
380,0.0,0.0,0.0,0.0,0.0,0.0,3000.0,0.0,0.0,3000.0
381,0.0,0.0,0.0,0.0,0.0,0.0,3000.0,0.0,0.0,3000.0
382,0.0,0.0,0.0,0.0,0.0,0.0,3000.0,0.0,0.0,3000.0
383,0.0,0.0,0.0,0.0,0.0,0.0,0.0,0.0,0.0,0.0
384,0.0,0.0,0.0,0.0,0.0,0.0,0.0,0.0,0.0,0.0
385,0.0,0.0,0.0,0.0,0.0,0.0,0.0,0.0,0.0,0.0
386,0.0,0.0,0.0,0.0,0.0,0.0,0.0,0.0,0.0,0.0
387,0.0,0.0,0.0,0.0,0.0,0.0,0.0,0.0,0.0,0.0
388,0.0,0.0,0.0,0.0,0.0,0.0,0.0,0.0,0.0,0.0
389,0.0,0.0,0.0,0.0,0.0,0.0,750.0,0.0,0.0,750.0
390,0.0,0.0,0.0,0.0,0.0,0.0,3000.0,0.0,0.0,3000.0
391,0.0,0.0,0.0,0.0,0.0,0.0,3000.0,0.0,0.0,3000.0
392,0.0,0.0,0.0,0.0,0.0,0.0,3000.0,0.0,0.0,3000.0
393,1074.1875,0.0,0.0,0.0,0.0,0.0,1958.038125,0.0,0.0,3032.225625
394,3092.78350515464,0.0,0.0,108.951494845361,0.0,0.0,0.0,0.0,0.0,3092.78350515464
395,1988.64,0.0,0.0,0.0,0.0,0.0,1071.0192,0.0,0.0,3059.6592
396,567.9,0.0,0.0,0.0,0.0,0.0,2449.137,0.0,0.0,3017.0370000000003
397,59.7552,0.0,0.0,0.0,0.0,0.0,2942.037456,0.0,0.0,3001.792656
398,0.0,0.0,0.0,0.0,0.0,0.0,3000.0,0.0,0.0,3000.0
399,0.0,0.0,0.0,0.0,0.0,0.0,3000.0,0.0,0.0,3000.0
400,0.0,0.0,0.0,0.0,0.0,0.0,3000.0,0.0,0.0,3000.0
401,0.0,0.0,0.0,0.0,0.0,0.0,3000.0,0.0,0.0,3000.0
402,0.0,0.0,0.0,0.0,0.0,0.0,3000.0,0.0,0.0,3000.0
403,0.0,0.0,0.0,0.0,0.0,0.0,3000.0,0.0,0.0,3000.0
404,0.0,0.0,0.0,0.0,0.0,0.0,3000.0,0.0,0.0,3000.0
405,0.0,0.0,0.0,0.0,0.0,0.0,3000.0,0.0,0.0,3000.0
406,0.0,0.0,0.0,0.0,0.0,0.0,3000.0,0.0,0.0,3000.0
407,0.0,0.0,0.0,0.0,0.0,0.0,0.0,0.0,0.0,0.0
408,0.0,0.0,0.0,0.0,0.0,0.0,0.0,0.0,0.0,0.0
409,0.0,0.0,0.0,0.0,0.0,0.0,0.0,0.0,0.0,0.0
410,0.0,0.0,0.0,0.0,0.0,0.0,0.0,0.0,0.0,0.0
411,0.0,0.0,0.0,0.0,0.0,0.0,0.0,0.0,0.0,0.0
412,0.0,0.0,0.0,0.0,0.0,0.0,0.0,0.0,0.0,0.0
413,0.0,0.0,0.0,0.0,0.0,0.0,750.0,0.0,0.0,750.0
414,0.0,0.0,0.0,0.0,0.0,0.0,3000.0,0.0,0.0,3000.0
415,0.0,0.0,0.0,0.0,0.0,0.0,3000.0,0.0,0.0,3000.0
416,0.0,0.0,0.0,0.0,0.0,0.0,3000.0,0.0,0.0,3000.0
417,1529.76,0.0,0.0,0.0,0.0,0.0,1516.1328,0.0,0.0,3045.8928
418,2411.985,0.0,0.0,0.0,0.0,0.0,660.37455,0.0,0.0,3072.35955
419,1342.4655,0.0,0.0,0.0,0.0,0.0,1697.808465,0.0,0.0,3040.2739650000003
420,763.1025,0.0,0.0,0.0,0.0,0.0,2259.790575,0.0,0.0,3022.893075
421,1662.0,0.0,0.0,0.0,0.0,0.0,1387.86,0.0,0.0,3049.8599999999997
422,0.0,0.0,0.0,0.0,0.0,0.0,3000.0,0.0,0.0,3000.0
423,0.0,0.0,0.0,0.0,0.0,0.0,3000.0,0.0,0.0,3000.0
424,0.0,0.0,0.0,0.0,0.0,0.0,3000.0,0.0,0.0,3000.0
425,0.0,0.0,0.0,0.0,0.0,0.0,3000.0,0.0,0.0,3000.0
426,0.0,0.0,0.0,0.0,0.0,0.0,3000.0,0.0,0.0,3000.0
427,0.0,0.0,0.0,0.0,0.0,0.0,3000.0,0.0,0.0,3000.0
428,0.0,0.0,0.0,0.0,0.0,0.0,3000.0,0.0,0.0,3000.0
429,0.0,0.0,0.0,0.0,0.0,0.0,3000.0,0.0,0.0,3000.0
430,0.0,0.0,0.0,0.0,0.0,0.0,3000.0,0.0,0.0,3000.0
431,0.0,0.0,0.0,0.0,0.0,0.0,0.0,0.0,0.0,0.0
432,0.0,0.0,0.0,0.0,0.0,0.0,0.0,0.0,0.0,0.0
433,0.0,0.0,0.0,0.0,0.0,0.0,0.0,0.0,0.0,0.0
434,0.0,0.0,0.0,0.0,0.0,0.0,0.0,0.0,0.0,0.0
435,0.0,0.0,0.0,0.0,0.0,0.0,0.0,0.0,0.0,0.0
436,0.0,0.0,0.0,0.0,0.0,0.0,0.0,0.0,0.0,0.0
437,0.0,0.0,0.0,0.0,0.0,0.0,750.0,0.0,0.0,750.0
438,0.0,0.0,0.0,0.0,0.0,0.0,3000.0,0.0,0.0,3000.0
439,0.0,0.0,0.0,0.0,0.0,0.0,3000.0,0.0,0.0,3000.0
440,0.0,0.0,0.0,0.0,0.0,0.0,3000.0,0.0,0.0,3000.0
441,1743.645,0.0,0.0,0.0,0.0,0.0,1308.66435,0.0,0.0,3052.30935
442,2545.53,0.0,0.0,0.0,0.0,0.0,530.8359,0.0,0.0,3076.3659000000002
443,1433.409,0.0,0.0,0.0,0.0,0.0,1609.59327,0.0,0.0,3043.00227
444,792.8175,0.0,0.0,0.0,0.0,0.0,2230.967025,0.0,0.0,3023.784525
445,1727.955,0.0,0.0,0.0,0.0,0.0,1323.88365,0.0,0.0,3051.8386499999997
446,0.0,0.0,0.0,0.0,0.0,0.0,3000.0,0.0,0.0,3000.0
447,0.0,0.0,0.0,0.0,0.0,0.0,3000.0,0.0,0.0,3000.0
448,0.0,0.0,0.0,0.0,0.0,0.0,3000.0,0.0,0.0,3000.0
449,0.0,0.0,0.0,0.0,0.0,0.0,3000.0,0.0,0.0,3000.0
450,0.0,0.0,0.0,0.0,0.0,0.0,3000.0,0.0,0.0,3000.0
451,0.0,0.0,0.0,0.0,0.0,0.0,3000.0,0.0,0.0,3000.0
452,0.0,0.0,0.0,0.0,0.0,0.0,3000.0,0.0,0.0,3000.0
453,0.0,0.0,0.0,0.0,0.0,0.0,3000.0,0.0,0.0,3000.0
454,0.0,0.0,0.0,0.0,0.0,0.0,3000.0,0.0,0.0,3000.0
455,0.0,0.0,0.0,0.0,0.0,0.0,0.0,0.0,0.0,0.0
456,0.0,0.0,0.0,0.0,0.0,0.0,0.0,0.0,0.0,0.0
457,0.0,0.0,0.0,0.0,0.0,0.0,0.0,0.0,0.0,0.0
458,0.0,0.0,0.0,0.0,0.0,0.0,0.0,0.0,0.0,0.0
459,0.0,0.0,0.0,0.0,0.0,0.0,0.0,0.0,0.0,0.0
460,0.0,0.0,0.0,0.0,0.0,0.0,0.0,0.0,0.0,0.0
461,0.0,0.0,0.0,0.0,0.0,0.0,750.0,0.0,0.0,750.0
462,0.0,0.0,0.0,0.0,0.0,0.0,3000.0,0.0,0.0,3000.0
463,0.0,0.0,0.0,0.0,0.0,0.0,3000.0,0.0,0.0,3000.0
464,0.0,0.0,0.0,0.0,0.0,0.0,3000.0,0.0,0.0,3000.0
465,1665.255,0.0,0.0,0.0,0.0,0.0,1384.70265,0.0,0.0,3049.9576500000003
466,2551.185,0.0,0.0,0.0,0.0,0.0,525.35055,0.0,0.0,3076.53555
467,1180.758,0.0,0.0,0.0,0.0,0.0,1854.66474,0.0,0.0,3035.42274
468,1004.466,0.0,0.0,0.0,0.0,0.0,2025.66798,0.0,0.0,3030.13398
469,2033.7,0.0,0.0,0.0,0.0,0.0,1027.311,0.0,0.0,3061.011
470,0.0,0.0,0.0,0.0,0.0,0.0,3000.0,0.0,0.0,3000.0
471,0.0,0.0,0.0,0.0,0.0,0.0,3000.0,0.0,0.0,3000.0
472,0.0,0.0,0.0,0.0,0.0,0.0,3000.0,0.0,0.0,3000.0
473,0.0,0.0,0.0,0.0,0.0,0.0,3000.0,0.0,0.0,3000.0
474,0.0,0.0,0.0,0.0,0.0,0.0,3000.0,0.0,0.0,3000.0
475,0.0,0.0,0.0,0.0,0.0,0.0,3000.0,0.0,0.0,3000.0
476,0.0,0.0,0.0,0.0,0.0,0.0,3000.0,0.0,0.0,3000.0
477,0.0,0.0,0.0,0.0,0.0,0.0,3000.0,0.0,0.0,3000.0
478,0.0,0.0,0.0,0.0,0.0,0.0,3000.0,0.0,0.0,3000.0
479,0.0,0.0,0.0,0.0,0.0,0.0,0.0,0.0,0.0,0.0
480,0.0,0.0,0.0,0.0,0.0,0.0,0.0,0.0,0.0,0.0
481,0.0,0.0,0.0,0.0,0.0,0.0,0.0,0.0,0.0,0.0
482,0.0,0.0,0.0,0.0,0.0,0.0,0.0,0.0,0.0,0.0
483,0.0,0.0,0.0,0.0,0.0,0.0,0.0,0.0,0.0,0.0
484,0.0,0.0,0.0,0.0,0.0,0.0,0.0,0.0,0.0,0.0
485,0.0,0.0,0.0,0.0,0.0,0.0,750.0,0.0,0.0,750.0
486,0.0,0.0,0.0,0.0,0.0,0.0,3000.0,0.0,0.0,3000.0
487,0.0,0.0,0.0,0.0,0.0,0.0,3000.0,0.0,0.0,3000.0
488,0.0,0.0,0.0,0.0,0.0,0.0,3000.0,0.0,0.0,3000.0
489,0.0,0.0,0.0,0.0,0.0,0.0,3000.0,0.0,0.0,3000.0
490,313.9995,0.0,0.0,0.0,0.0,0.0,2695.420485,0.0,0.0,3009.419985
491,253.656,0.0,0.0,0.0,0.0,0.0,2753.95368,0.0,0.0,3007.60968
492,214.11,0.0,0.0,0.0,0.0,0.0,2792.3133,0.0,0.0,3006.4233
493,123.7158,0.0,0.0,0.0,0.0,0.0,2879.995674,0.0,0.0,3003.7114739999997
494,0.0,0.0,0.0,0.0,0.0,0.0,3000.0,0.0,0.0,3000.0
495,0.0,0.0,0.0,0.0,0.0,0.0,3000.0,0.0,0.0,3000.0
496,0.0,0.0,0.0,0.0,0.0,0.0,3000.0,0.0,0.0,3000.0
497,0.0,0.0,0.0,0.0,0.0,0.0,3000.0,0.0,0.0,3000.0
498,0.0,0.0,0.0,0.0,0.0,0.0,3000.0,0.0,0.0,3000.0
499,0.0,0.0,0.0,0.0,0.0,0.0,3000.0,0.0,0.0,3000.0
500,0.0,0.0,0.0,0.0,0.0,0.0,3000.0,0.0,0.0,3000.0
501,0.0,0.0,0.0,0.0,0.0,0.0,3000.0,0.0,0.0,3000.0
502,0.0,0.0,0.0,0.0,0.0,0.0,3000.0,0.0,0.0,3000.0
503,0.0,0.0,0.0,0.0,0.0,0.0,0.0,0.0,0.0,0.0
504,0.0,0.0,0.0,0.0,0.0,0.0,0.0,0.0,0.0,0.0
505,0.0,0.0,0.0,0.0,0.0,0.0,0.0,0.0,0.0,0.0
506,0.0,0.0,0.0,0.0,0.0,0.0,0.0,0.0,0.0,0.0
507,0.0,0.0,0.0,0.0,0.0,0.0,0.0,0.0,0.0,0.0
508,0.0,0.0,0.0,0.0,0.0,0.0,0.0,0.0,0.0,0.0
509,0.0,0.0,0.0,0.0,0.0,0.0,750.0,0.0,0.0,750.0
510,0.0,0.0,0.0,0.0,0.0,0.0,3000.0,0.0,0.0,3000.0
511,0.0,0.0,0.0,0.0,0.0,0.0,3000.0,0.0,0.0,3000.0
512,0.0,0.0,0.0,0.0,0.0,0.0,3000.0,0.0,0.0,3000.0
513,1743.81,0.0,0.0,0.0,0.0,0.0,1308.5043,0.0,0.0,3052.3143
514,2692.02,0.0,0.0,0.0,0.0,0.0,388.7406,0.0,0.0,3080.7606
515,1573.23,0.0,0.0,0.0,0.0,0.0,1473.9669,0.0,0.0,3047.1969
516,1048.512,0.0,0.0,0.0,0.0,0.0,1982.94336,0.0,0.0,3031.45536
517,2286.705,0.0,0.0,0.0,0.0,0.0,781.89615,0.0,0.0,3068.60115
518,0.0,0.0,0.0,0.0,0.0,0.0,3000.0,0.0,0.0,3000.0
519,0.0,0.0,0.0,0.0,0.0,0.0,3000.0,0.0,0.0,3000.0
520,0.0,0.0,0.0,0.0,0.0,0.0,3000.0,0.0,0.0,3000.0
521,0.0,0.0,0.0,0.0,0.0,0.0,3000.0,0.0,0.0,3000.0
522,0.0,0.0,0.0,0.0,0.0,0.0,3000.0,0.0,0.0,3000.0
523,0.0,0.0,0.0,0.0,0.0,0.0,3000.0,0.0,0.0,3000.0
524,0.0,0.0,0.0,0.0,0.0,0.0,3000.0,0.0,0.0,3000.0
525,0.0,0.0,0.0,0.0,0.0,0.0,3000.0,0.0,0.0,3000.0
526,0.0,0.0,0.0,0.0,0.0,0.0,3000.0,0.0,0.0,3000.0
527,0.0,0.0,0.0,0.0,0.0,0.0,0.0,0.0,0.0,0.0
528,0.0,0.0,0.0,0.0,0.0,0.0,0.0,0.0,0.0,0.0
529,0.0,0.0,0.0,0.0,0.0,0.0,0.0,0.0,0.0,0.0
530,0.0,0.0,0.0,0.0,0.0,0.0,0.0,0.0,0.0,0.0
531,0.0,0.0,0.0,0.0,0.0,0.0,0.0,0.0,0.0,0.0
532,0.0,0.0,0.0,0.0,0.0,0.0,0.0,0.0,0.0,0.0
533,0.0,0.0,0.0,0.0,0.0,0.0,750.0,0.0,0.0,750.0
534,0.0,0.0,0.0,0.0,0.0,0.0,3000.0,0.0,0.0,3000.0
535,0.0,0.0,0.0,0.0,0.0,0.0,3000.0,0.0,0.0,3000.0
536,0.0,0.0,0.0,0.0,0.0,0.0,3000.0,0.0,0.0,3000.0
537,1985.19,0.0,0.0,0.0,0.0,0.0,1074.3657,0.0,0.0,3059.5557
538,2835.93,0.0,0.0,0.0,0.0,0.0,249.1479,0.0,0.0,3085.0778999999998
539,1768.725,0.0,0.0,0.0,0.0,0.0,1284.33675,0.0,0.0,3053.06175
540,1227.5925,0.0,0.0,0.0,0.0,0.0,1809.235275,0.0,0.0,3036.8277749999997
541,2521.08,0.0,0.0,0.0,0.0,0.0,554.5524,0.0,0.0,3075.6324
542,0.0,0.0,0.0,0.0,0.0,0.0,3000.0,0.0,0.0,3000.0
543,0.0,0.0,0.0,0.0,0.0,0.0,3000.0,0.0,0.0,3000.0
544,0.0,0.0,0.0,0.0,0.0,0.0,3000.0,0.0,0.0,3000.0
545,0.0,0.0,0.0,0.0,0.0,0.0,3000.0,0.0,0.0,3000.0
546,0.0,0.0,0.0,0.0,0.0,0.0,3000.0,0.0,0.0,3000.0
547,0.0,0.0,0.0,0.0,0.0,0.0,3000.0,0.0,0.0,3000.0
548,0.0,0.0,0.0,0.0,0.0,0.0,3000.0,0.0,0.0,3000.0
549,0.0,0.0,0.0,0.0,0.0,0.0,3000.0,0.0,0.0,3000.0
550,0.0,0.0,0.0,0.0,0.0,0.0,3000.0,0.0,0.0,3000.0
551,0.0,0.0,0.0,0.0,0.0,0.0,0.0,0.0,0.0,0.0
552,0.0,0.0,0.0,0.0,0.0,0.0,0.0,0.0,0.0,0.0
553,0.0,0.0,0.0,0.0,0.0,0.0,0.0,0.0,0.0,0.0
554,0.0,0.0,0.0,0.0,0.0,0.0,0.0,0.0,0.0,0.0
555,0.0,0.0,0.0,0.0,0.0,0.0,0.0,0.0,0.0,0.0
556,0.0,0.0,0.0,0.0,0.0,0.0,0.0,0.0,0.0,0.0
557,0.0,0.0,0.0,0.0,0.0,0.0,750.0,0.0,0.0,750.0
558,0.0,0.0,0.0,0.0,0.0,0.0,3000.0,0.0,0.0,3000.0
559,0.0,0.0,0.0,0.0,0.0,0.0,3000.0,0.0,0.0,3000.0
560,0.0,0.0,0.0,0.0,0.0,0.0,3000.0,0.0,0.0,3000.0
561,2185.335,0.0,0.0,0.0,0.0,0.0,880.22505,0.0,0.0,3065.56005
562,3034.635,0.0,0.0,0.0,0.0,0.0,56.4040499999996,0.0,0.0,3091.03905
563,1893.405,0.0,0.0,0.0,0.0,0.0,1163.39715,0.0,0.0,3056.80215
564,1201.3005,0.0,0.0,0.0,0.0,0.0,1834.738515,0.0,0.0,3036.0390150000003
565,2754.15,0.0,0.0,0.0,0.0,0.0,328.4745,0.0,0.0,3082.6245
566,0.0,0.0,0.0,0.0,0.0,0.0,3000.0,0.0,0.0,3000.0
567,0.0,0.0,0.0,0.0,0.0,0.0,3000.0,0.0,0.0,3000.0
568,0.0,0.0,0.0,0.0,0.0,0.0,3000.0,0.0,0.0,3000.0
569,0.0,0.0,0.0,0.0,0.0,0.0,3000.0,0.0,0.0,3000.0
570,0.0,0.0,0.0,0.0,0.0,0.0,3000.0,0.0,0.0,3000.0
571,0.0,0.0,0.0,0.0,0.0,0.0,3000.0,0.0,0.0,3000.0
572,0.0,0.0,0.0,0.0,0.0,0.0,3000.0,0.0,0.0,3000.0
573,0.0,0.0,0.0,0.0,0.0,0.0,3000.0,0.0,0.0,3000.0
574,0.0,0.0,0.0,0.0,0.0,0.0,3000.0,0.0,0.0,3000.0
575,0.0,0.0,0.0,0.0,0.0,0.0,0.0,0.0,0.0,0.0
576,0.0,0.0,0.0,0.0,0.0,0.0,0.0,0.0,0.0,0.0
577,0.0,0.0,0.0,0.0,0.0,0.0,0.0,0.0,0.0,0.0
578,0.0,0.0,0.0,0.0,0.0,0.0,0.0,0.0,0.0,0.0
579,0.0,0.0,0.0,0.0,0.0,0.0,0.0,0.0,0.0,0.0
580,0.0,0.0,0.0,0.0,0.0,0.0,0.0,0.0,0.0,0.0
581,0.0,0.0,0.0,0.0,0.0,0.0,750.0,0.0,0.0,750.0
582,0.0,0.0,0.0,0.0,0.0,0.0,3000.0,0.0,0.0,3000.0
583,0.0,0.0,0.0,0.0,0.0,0.0,3000.0,0.0,0.0,3000.0
584,0.0,0.0,0.0,0.0,0.0,0.0,3000.0,0.0,0.0,3000.0
585,2098.8,0.0,0.0,0.0,0.0,0.0,964.164,0.0,0.0,3062.964
586,3092.78350515464,0.0,0.0,417.801494845361,0.0,0.0,0.0,0.0,0.0,3092.78350515464
587,2196.15,0.0,0.0,0.0,0.0,0.0,869.7345,0.0,0.0,3065.8845
588,1512.165,0.0,0.0,0.0,0.0,0.0,1533.19995,0.0,0.0,3045.36495
589,2171.115,0.0,0.0,0.0,0.0,0.0,894.01845,0.0,0.0,3065.13345
590,60.24255,0.0,0.0,0.0,0.0,0.0,2941.5647265,0.0,0.0,3001.8072764999997
591,0.0,0.0,0.0,0.0,0.0,0.0,3000.0,0.0,0.0,3000.0
592,0.0,0.0,0.0,0.0,0.0,0.0,3000.0,0.0,0.0,3000.0
593,0.0,0.0,0.0,0.0,0.0,0.0,3000.0,0.0,0.0,3000.0
594,0.0,0.0,0.0,0.0,0.0,0.0,3000.0,0.0,0.0,3000.0
595,0.0,0.0,0.0,0.0,0.0,0.0,3000.0,0.0,0.0,3000.0
596,0.0,0.0,0.0,0.0,0.0,0.0,3000.0,0.0,0.0,3000.0
597,0.0,0.0,0.0,0.0,0.0,0.0,3000.0,0.0,0.0,3000.0
598,0.0,0.0,0.0,0.0,0.0,0.0,3000.0,0.0,0.0,3000.0
599,0.0,0.0,0.0,0.0,0.0,0.0,0.0,0.0,0.0,0.0
600,0.0,0.0,0.0,0.0,0.0,0.0,0.0,0.0,0.0,0.0
601,0.0,0.0,0.0,0.0,0.0,0.0,0.0,0.0,0.0,0.0
602,0.0,0.0,0.0,0.0,0.0,0.0,0.0,0.0,0.0,0.0
603,0.0,0.0,0.0,0.0,0.0,0.0,0.0,0.0,0.0,0.0
604,0.0,0.0,0.0,0.0,0.0,0.0,0.0,0.0,0.0,0.0
605,0.0,0.0,0.0,0.0,0.0,0.0,750.0,0.0,0.0,750.0
606,0.0,0.0,0.0,0.0,0.0,0.0,3000.0,0.0,0.0,3000.0
607,0.0,0.0,0.0,0.0,0.0,0.0,3000.0,0.0,0.0,3000.0
608,0.0,0.0,0.0,0.0,0.0,0.0,3000.0,0.0,0.0,3000.0
609,392.145,0.0,0.0,0.0,0.0,0.0,2619.61935,0.0,0.0,3011.76435
610,600.822,0.0,0.0,0.0,0.0,0.0,2417.20266,0.0,0.0,3018.02466
611,907.05,0.0,0.0,0.0,0.0,0.0,2120.1615,0.0,0.0,3027.2115000000003
612,1245.831,0.0,0.0,0.0,0.0,0.0,1791.54393,0.0,0.0,3037.37493
613,2652.795,0.0,0.0,0.0,0.0,0.0,426.78885,0.0,0.0,3079.58385
614,18.52335,0.0,0.0,0.0,0.0,0.0,2982.0323505,0.0,0.0,3000.5557005
615,0.0,0.0,0.0,0.0,0.0,0.0,3000.0,0.0,0.0,3000.0
616,0.0,0.0,0.0,0.0,0.0,0.0,3000.0,0.0,0.0,3000.0
617,0.0,0.0,0.0,0.0,0.0,0.0,3000.0,0.0,0.0,3000.0
618,0.0,0.0,0.0,0.0,0.0,0.0,3000.0,0.0,0.0,3000.0
619,0.0,0.0,0.0,0.0,0.0,0.0,3000.0,0.0,0.0,3000.0
620,0.0,0.0,0.0,0.0,0.0,0.0,3000.0,0.0,0.0,3000.0
621,0.0,0.0,0.0,0.0,0.0,0.0,3000.0,0.0,0.0,3000.0
622,0.0,0.0,0.0,0.0,0.0,0.0,3000.0,0.0,0.0,3000.0
623,0.0,0.0,0.0,0.0,0.0,0.0,0.0,0.0,0.0,0.0
624,0.0,0.0,0.0,0.0,0.0,0.0,0.0,0.0,0.0,0.0
625,0.0,0.0,0.0,0.0,0.0,0.0,0.0,0.0,0.0,0.0
626,0.0,0.0,0.0,0.0,0.0,0.0,0.0,0.0,0.0,0.0
627,0.0,0.0,0.0,0.0,0.0,0.0,0.0,0.0,0.0,0.0
628,0.0,0.0,0.0,0.0,0.0,0.0,0.0,0.0,0.0,0.0
629,0.0,0.0,0.0,0.0,0.0,0.0,750.0,0.0,0.0,750.0
630,0.0,0.0,0.0,0.0,0.0,0.0,3000.0,0.0,0.0,3000.0
631,0.0,0.0,0.0,0.0,0.0,0.0,3000.0,0.0,0.0,3000.0
632,0.0,0.0,0.0,0.0,0.0,0.0,3000.0,0.0,0.0,3000.0
633,359.097,0.0,0.0,0.0,0.0,0.0,2651.67591,0.0,0.0,3010.7729099999997
634,259.2945,0.0,0.0,0.0,0.0,0.0,2748.484335,0.0,0.0,3007.778835
635,112.80945,0.0,0.0,0.0,0.0,0.0,2890.5748335,0.0,0.0,3003.3842835
636,123.03795,0.0,0.0,0.0,0.0,0.0,2880.6531885,0.0,0.0,3003.6911385
637,374.5035,0.0,0.0,0.0,0.0,0.0,2636.731605,0.0,0.0,3011.2351049999997
638,0.0,0.0,0.0,0.0,0.0,0.0,3000.0,0.0,0.0,3000.0
639,0.0,0.0,0.0,0.0,0.0,0.0,3000.0,0.0,0.0,3000.0
640,0.0,0.0,0.0,0.0,0.0,0.0,3000.0,0.0,0.0,3000.0
641,0.0,0.0,0.0,0.0,0.0,0.0,3000.0,0.0,0.0,3000.0
642,0.0,0.0,0.0,0.0,0.0,0.0,3000.0,0.0,0.0,3000.0
643,0.0,0.0,0.0,0.0,0.0,0.0,3000.0,0.0,0.0,3000.0
644,0.0,0.0,0.0,0.0,0.0,0.0,3000.0,0.0,0.0,3000.0
645,0.0,0.0,0.0,0.0,0.0,0.0,3000.0,0.0,0.0,3000.0
646,0.0,0.0,0.0,0.0,0.0,0.0,3000.0,0.0,0.0,3000.0
647,0.0,0.0,0.0,0.0,0.0,0.0,0.0,0.0,0.0,0.0
648,0.0,0.0,0.0,0.0,0.0,0.0,0.0,0.0,0.0,0.0
649,0.0,0.0,0.0,0.0,0.0,0.0,0.0,0.0,0.0,0.0
650,0.0,0.0,0.0,0.0,0.0,0.0,0.0,0.0,0.0,0.0
651,0.0,0.0,0.0,0.0,0.0,0.0,0.0,0.0,0.0,0.0
652,0.0,0.0,0.0,0.0,0.0,0.0,0.0,0.0,0.0,0.0
653,0.0,0.0,0.0,0.0,0.0,0.0,750.0,0.0,0.0,750.0
654,0.0,0.0,0.0,0.0,0.0,0.0,3000.0,0.0,0.0,3000.0
655,0.0,0.0,0.0,0.0,0.0,0.0,3000.0,0.0,0.0,3000.0
656,0.0,0.0,0.0,0.0,0.0,0.0,3000.0,0.0,0.0,3000.0
657,1250.352,0.0,0.0,0.0,0.0,0.0,1787.15856,0.0,0.0,3037.51056
658,2463.735,0.0,0.0,0.0,0.0,0.0,610.17705,0.0,0.0,3073.91205
659,1509.21,0.0,0.0,0.0,0.0,0.0,1536.0663,0.0,0.0,3045.2763
660,440.7075,0.0,0.0,0.0,0.0,0.0,2572.513725,0.0,0.0,3013.221225
661,623.6115,0.0,0.0,0.0,0.0,0.0,2395.096845,0.0,0.0,3018.708345
662,18.2379,0.0,0.0,0.0,0.0,0.0,2982.309237,0.0,0.0,3000.547137
663,0.0,0.0,0.0,0.0,0.0,0.0,3000.0,0.0,0.0,3000.0
664,0.0,0.0,0.0,0.0,0.0,0.0,3000.0,0.0,0.0,3000.0
665,0.0,0.0,0.0,0.0,0.0,0.0,3000.0,0.0,0.0,3000.0
666,0.0,0.0,0.0,0.0,0.0,0.0,3000.0,0.0,0.0,3000.0
667,0.0,0.0,0.0,0.0,0.0,0.0,3000.0,0.0,0.0,3000.0
668,0.0,0.0,0.0,0.0,0.0,0.0,3000.0,0.0,0.0,3000.0
669,0.0,0.0,0.0,0.0,0.0,0.0,3000.0,0.0,0.0,3000.0
670,0.0,0.0,0.0,0.0,0.0,0.0,3000.0,0.0,0.0,3000.0
671,0.0,0.0,0.0,0.0,0.0,0.0,0.0,0.0,0.0,0.0
672,0.0,0.0,0.0,0.0,0.0,0.0,0.0,0.0,0.0,0.0
673,0.0,0.0,0.0,0.0,0.0,0.0,0.0,0.0,0.0,0.0
674,0.0,0.0,0.0,0.0,0.0,0.0,0.0,0.0,0.0,0.0
675,0.0,0.0,0.0,0.0,0.0,0.0,0.0,0.0,0.0,0.0
676,0.0,0.0,0.0,0.0,0.0,0.0,0.0,0.0,0.0,0.0
677,0.0,0.0,0.0,0.0,0.0,0.0,750.0,0.0,0.0,750.0
678,0.0,0.0,0.0,0.0,0.0,0.0,3000.0,0.0,0.0,3000.0
679,0.0,0.0,0.0,0.0,0.0,0.0,3000.0,0.0,0.0,3000.0
680,0.0,0.0,0.0,0.0,0.0,0.0,3000.0,0.0,0.0,3000.0
681,2628.15,0.0,0.0,0.0,0.0,0.0,450.6945,0.0,0.0,3078.8445
682,334.1715,0.0,0.0,0.0,0.0,0.0,2675.853645,0.0,0.0,3010.025145
683,359.031,0.0,0.0,0.0,0.0,0.0,2651.73993,0.0,0.0,3010.77093
684,404.0565,0.0,0.0,0.0,0.0,0.0,2608.065195,0.0,0.0,3012.1216950000003
685,49.5978,0.0,0.0,0.0,0.0,0.0,2951.890134,0.0,0.0,3001.487934
686,120.0969,0.0,0.0,0.0,0.0,0.0,2883.506007,0.0,0.0,3003.602907
687,0.0,0.0,0.0,0.0,0.0,0.0,3000.0,0.0,0.0,3000.0
688,0.0,0.0,0.0,0.0,0.0,0.0,3000.0,0.0,0.0,3000.0
689,0.0,0.0,0.0,0.0,0.0,0.0,3000.0,0.0,0.0,3000.0
690,0.0,0.0,0.0,0.0,0.0,0.0,3000.0,0.0,0.0,3000.0
691,0.0,0.0,0.0,0.0,0.0,0.0,3000.0,0.0,0.0,3000.0
692,0.0,0.0,0.0,0.0,0.0,0.0,3000.0,0.0,0.0,3000.0
693,0.0,0.0,0.0,0.0,0.0,0.0,3000.0,0.0,0.0,3000.0
694,0.0,0.0,0.0,0.0,0.0,0.0,3000.0,0.0,0.0,3000.0
695,0.0,0.0,0.0,0.0,0.0,0.0,0.0,0.0,0.0,0.0
696,0.0,0.0,0.0,0.0,0.0,0.0,0.0,0.0,0.0,0.0
697,0.0,0.0,0.0,0.0,0.0,0.0,0.0,0.0,0.0,0.0
698,0.0,0.0,0.0,0.0,0.0,0.0,0.0,0.0,0.0,0.0
699,0.0,0.0,0.0,0.0,0.0,0.0,0.0,0.0,0.0,0.0
700,0.0,0.0,0.0,0.0,0.0,0.0,0.0,0.0,0.0,0.0
701,0.0,0.0,0.0,0.0,0.0,0.0,750.0,0.0,0.0,750.0
702,0.0,0.0,0.0,0.0,0.0,0.0,3000.0,0.0,0.0,3000.0
703,0.0,0.0,0.0,0.0,0.0,0.0,3000.0,0.0,0.0,3000.0
704,0.0,0.0,0.0,0.0,0.0,0.0,3000.0,0.0,0.0,3000.0
705,465.5025,0.0,0.0,0.0,0.0,0.0,2548.462575,0.0,0.0,3013.965075
706,914.823,0.0,0.0,0.0,0.0,0.0,2112.62169,0.0,0.0,3027.44469
707,553.581,0.0,0.0,0.0,0.0,0.0,2463.02643,0.0,0.0,3016.60743
708,582.951,0.0,0.0,0.0,0.0,0.0,2434.53753,0.0,0.0,3017.48853
709,183.8325,0.0,0.0,0.0,0.0,0.0,2821.682475,0.0,0.0,3005.514975
710,0.0,0.0,0.0,0.0,0.0,0.0,3000.0,0.0,0.0,3000.0
711,0.0,0.0,0.0,0.0,0.0,0.0,3000.0,0.0,0.0,3000.0
712,0.0,0.0,0.0,0.0,0.0,0.0,3000.0,0.0,0.0,3000.0
713,0.0,0.0,0.0,0.0,0.0,0.0,3000.0,0.0,0.0,3000.0
714,0.0,0.0,0.0,0.0,0.0,0.0,3000.0,0.0,0.0,3000.0
715,0.0,0.0,0.0,0.0,0.0,0.0,3000.0,0.0,0.0,3000.0
716,0.0,0.0,0.0,0.0,0.0,0.0,3000.0,0.0,0.0,3000.0
717,0.0,0.0,0.0,0.0,0.0,0.0,3000.0,0.0,0.0,3000.0
718,0.0,0.0,0.0,0.0,0.0,0.0,3000.0,0.0,0.0,3000.0
719,0.0,0.0,0.0,0.0,0.0,0.0,0.0,0.0,0.0,0.0
720,0.0,0.0,0.0,0.0,0.0,0.0,0.0,0.0,0.0,0.0
721,0.0,0.0,0.0,0.0,0.0,0.0,0.0,0.0,0.0,0.0
722,0.0,0.0,0.0,0.0,0.0,0.0,0.0,0.0,0.0,0.0
723,0.0,0.0,0.0,0.0,0.0,0.0,0.0,0.0,0.0,0.0
724,0.0,0.0,0.0,0.0,0.0,0.0,0.0,0.0,0.0,0.0
725,0.0,0.0,0.0,0.0,0.0,0.0,750.0,0.0,0.0,750.0
726,0.0,0.0,0.0,0.0,0.0,0.0,3000.0,0.0,0.0,3000.0
727,0.0,0.0,0.0,0.0,0.0,0.0,3000.0,0.0,0.0,3000.0
728,0.0,0.0,0.0,0.0,0.0,0.0,3000.0,0.0,0.0,3000.0
729,3092.78350515464,0.0,0.0,404.751494845361,0.0,0.0,0.0,0.0,0.0,3092.78350515464
730,1202.175,0.0,0.0,0.0,0.0,0.0,1833.89025,0.0,0.0,3036.0652499999997
731,531.2565,0.0,0.0,0.0,0.0,0.0,2484.681195,0.0,0.0,3015.937695
732,838.3305,0.0,0.0,0.0,0.0,0.0,2186.819415,0.0,0.0,3025.149915
733,3061.59,0.0,0.0,0.0,0.0,0.0,30.2577000000006,0.0,0.0,3091.8477000000007
734,18.6741,0.0,0.0,0.0,0.0,0.0,2981.886123,0.0,0.0,3000.5602230000004
735,0.0,0.0,0.0,0.0,0.0,0.0,3000.0,0.0,0.0,3000.0
736,0.0,0.0,0.0,0.0,0.0,0.0,3000.0,0.0,0.0,3000.0
737,0.0,0.0,0.0,0.0,0.0,0.0,3000.0,0.0,0.0,3000.0
738,0.0,0.0,0.0,0.0,0.0,0.0,3000.0,0.0,0.0,3000.0
739,0.0,0.0,0.0,0.0,0.0,0.0,3000.0,0.0,0.0,3000.0
740,0.0,0.0,0.0,0.0,0.0,0.0,3000.0,0.0,0.0,3000.0
741,0.0,0.0,0.0,0.0,0.0,0.0,3000.0,0.0,0.0,3000.0
742,0.0,0.0,0.0,0.0,0.0,0.0,3000.0,0.0,0.0,3000.0
743,0.0,0.0,0.0,0.0,0.0,0.0,0.0,0.0,0.0,0.0
744,0.0,0.0,0.0,0.0,0.0,0.0,0.0,0.0,0.0,0.0
745,0.0,0.0,0.0,0.0,0.0,0.0,0.0,0.0,0.0,0.0
746,0.0,0.0,0.0,0.0,0.0,0.0,0.0,0.0,0.0,0.0
747,0.0,0.0,0.0,0.0,0.0,0.0,0.0,0.0,0.0,0.0
748,0.0,0.0,0.0,0.0,0.0,0.0,0.0,0.0,0.0,0.0
749,0.0,0.0,0.0,0.0,0.0,0.0,750.0,0.0,0.0,750.0
750,0.0,0.0,0.0,0.0,0.0,0.0,3000.0,0.0,0.0,3000.0
751,0.0,0.0,0.0,0.0,0.0,0.0,3000.0,0.0,0.0,3000.0
752,0.0,0.0,0.0,0.0,0.0,0.0,3000.0,0.0,0.0,3000.0
753,3092.78350515464,0.0,0.0,2056.77649484536,0.0,0.0,0.0,0.0,0.0,3092.78350515464
754,3092.78350515464,0.0,0.0,1962.32149484536,0.0,0.0,0.0,0.0,0.0,3092.78350515464
755,3092.78350515464,0.0,0.0,846.71149484536,0.0,0.0,0.0,0.0,0.0,3092.78350515464
756,2591.085,0.0,0.0,0.0,0.0,0.0,486.64755,0.0,0.0,3077.73255
757,1260.393,0.0,0.0,0.0,0.0,0.0,1777.41879,0.0,0.0,3037.8117899999997
758,1790.565,0.0,0.0,0.0,0.0,0.0,1263.15195,0.0,0.0,3053.71695
759,0.0,0.0,0.0,0.0,0.0,0.0,3000.0,0.0,0.0,3000.0
760,0.0,0.0,0.0,0.0,0.0,0.0,3000.0,0.0,0.0,3000.0
761,0.0,0.0,0.0,0.0,0.0,0.0,3000.0,0.0,0.0,3000.0
762,0.0,0.0,0.0,0.0,0.0,0.0,3000.0,0.0,0.0,3000.0
763,0.0,0.0,0.0,0.0,0.0,0.0,3000.0,0.0,0.0,3000.0
764,0.0,0.0,0.0,0.0,0.0,0.0,3000.0,0.0,0.0,3000.0
765,0.0,0.0,0.0,0.0,0.0,0.0,3000.0,0.0,0.0,3000.0
766,0.0,0.0,0.0,0.0,0.0,0.0,3000.0,0.0,0.0,3000.0
767,0.0,0.0,0.0,0.0,0.0,0.0,0.0,0.0,0.0,0.0
768,0.0,0.0,0.0,0.0,0.0,0.0,0.0,0.0,0.0,0.0
769,0.0,0.0,0.0,0.0,0.0,0.0,0.0,0.0,0.0,0.0
770,0.0,0.0,0.0,0.0,0.0,0.0,0.0,0.0,0.0,0.0
771,0.0,0.0,0.0,0.0,0.0,0.0,0.0,0.0,0.0,0.0
772,0.0,0.0,0.0,0.0,0.0,0.0,0.0,0.0,0.0,0.0
773,0.0,0.0,0.0,0.0,0.0,0.0,750.0,0.0,0.0,750.0
774,0.0,0.0,0.0,0.0,0.0,0.0,3000.0,0.0,0.0,3000.0
775,0.0,0.0,0.0,0.0,0.0,0.0,3000.0,0.0,0.0,3000.0
776,226.9035,0.0,0.0,0.0,0.0,0.0,2779.903605,0.0,0.0,3006.807105
777,3092.78350515464,0.0,0.0,248.301494845361,0.0,0.0,0.0,0.0,0.0,3092.78350515464
778,1551.915,0.0,0.0,0.0,0.0,0.0,1494.64245,0.0,0.0,3046.5574500000002
779,828.8505,0.0,0.0,0.0,0.0,0.0,2196.015015,0.0,0.0,3024.865515
780,1766.4,0.0,0.0,0.0,0.0,0.0,1286.592,0.0,0.0,3052.992
781,3009.9,0.0,0.0,0.0,0.0,0.0,80.3969999999999,0.0,0.0,3090.297
782,594.7005,0.0,0.0,0.0,0.0,0.0,2423.140515,0.0,0.0,3017.841015
783,0.0,0.0,0.0,0.0,0.0,0.0,3000.0,0.0,0.0,3000.0
784,0.0,0.0,0.0,0.0,0.0,0.0,3000.0,0.0,0.0,3000.0
785,0.0,0.0,0.0,0.0,0.0,0.0,3000.0,0.0,0.0,3000.0
786,0.0,0.0,0.0,0.0,0.0,0.0,3000.0,0.0,0.0,3000.0
787,0.0,0.0,0.0,0.0,0.0,0.0,3000.0,0.0,0.0,3000.0
788,0.0,0.0,0.0,0.0,0.0,0.0,3000.0,0.0,0.0,3000.0
789,0.0,0.0,0.0,0.0,0.0,0.0,3000.0,0.0,0.0,3000.0
790,0.0,0.0,0.0,0.0,0.0,0.0,3000.0,0.0,0.0,3000.0
791,0.0,0.0,0.0,0.0,0.0,0.0,0.0,0.0,0.0,0.0
792,0.0,0.0,0.0,0.0,0.0,0.0,0.0,0.0,0.0,0.0
793,0.0,0.0,0.0,0.0,0.0,0.0,0.0,0.0,0.0,0.0
794,0.0,0.0,0.0,0.0,0.0,0.0,0.0,0.0,0.0,0.0
795,0.0,0.0,0.0,0.0,0.0,0.0,0.0,0.0,0.0,0.0
796,0.0,0.0,0.0,0.0,0.0,0.0,0.0,0.0,0.0,0.0
797,0.0,0.0,0.0,0.0,0.0,0.0,750.0,0.0,0.0,750.0
798,0.0,0.0,0.0,0.0,0.0,0.0,3000.0,0.0,0.0,3000.0
799,0.0,0.0,0.0,0.0,0.0,0.0,3000.0,0.0,0.0,3000.0
800,2599.74,0.0,0.0,0.0,0.0,0.0,478.2522,0.0,0.0,3077.9921999999997
801,3092.78350515464,0.0,0.0,2348.39149484536,0.0,0.0,0.0,0.0,0.0,3092.78350515464
802,3092.78350515464,0.0,0.0,2491.38649484536,0.0,0.0,0.0,0.0,0.0,3092.78350515464
803,3092.78350515464,0.0,0.0,87.4864948453605,0.0,0.0,0.0,0.0,0.0,3092.78350515464
804,1900.14,0.0,0.0,0.0,0.0,0.0,1156.8642,0.0,0.0,3057.0042000000003
805,105.27165,0.0,0.0,0.0,0.0,0.0,2897.8864995,0.0,0.0,3003.1581495
806,29.2476,0.0,0.0,0.0,0.0,0.0,2971.629828,0.0,0.0,3000.8774280000002
807,0.0,0.0,0.0,0.0,0.0,0.0,3000.0,0.0,0.0,3000.0
808,0.0,0.0,0.0,0.0,0.0,0.0,3000.0,0.0,0.0,3000.0
809,0.0,0.0,0.0,0.0,0.0,0.0,3000.0,0.0,0.0,3000.0
810,0.0,0.0,0.0,0.0,0.0,0.0,3000.0,0.0,0.0,3000.0
811,0.0,0.0,0.0,0.0,0.0,0.0,3000.0,0.0,0.0,3000.0
812,0.0,0.0,0.0,0.0,0.0,0.0,3000.0,0.0,0.0,3000.0
813,0.0,0.0,0.0,0.0,0.0,0.0,3000.0,0.0,0.0,3000.0
814,0.0,0.0,0.0,0.0,0.0,0.0,3000.0,0.0,0.0,3000.0
815,0.0,0.0,0.0,0.0,0.0,0.0,0.0,0.0,0.0,0.0
816,0.0,0.0,0.0,0.0,0.0,0.0,0.0,0.0,0.0,0.0
817,0.0,0.0,0.0,0.0,0.0,0.0,0.0,0.0,0.0,0.0
818,0.0,0.0,0.0,0.0,0.0,0.0,0.0,0.0,0.0,0.0
819,0.0,0.0,0.0,0.0,0.0,0.0,0.0,0.0,0.0,0.0
820,0.0,0.0,0.0,0.0,0.0,0.0,0.0,0.0,0.0,0.0
821,0.0,0.0,0.0,0.0,0.0,0.0,750.0,0.0,0.0,750.0
822,0.0,0.0,0.0,0.0,0.0,0.0,3000.0,0.0,0.0,3000.0
823,0.0,0.0,0.0,0.0,0.0,0.0,3000.0,0.0,0.0,3000.0
824,2802.99,0.0,0.0,0.0,0.0,0.0,281.0997,0.0,0.0,3084.0896999999995
825,3092.78350515464,0.0,0.0,2859.84649484536,0.0,0.0,0.0,0.0,0.0,3092.78350515464
826,3092.78350515464,0.0,0.0,2910.02149484536,0.0,0.0,0.0,0.0,0.0,3092.78350515464
827,3092.78350515464,0.0,0.0,1308.36649484536,0.0,0.0,0.0,0.0,0.0,3092.78350515464
828,2913.09,0.0,0.0,0.0,0.0,0.0,174.3027,0.0,0.0,3087.3927000000003
829,3092.78350515464,0.0,0.0,495.68149484536,0.0,0.0,0.0,0.0,0.0,3092.78350515464
830,3024.3,0.0,0.0,0.0,0.0,0.0,66.4290000000005,0.0,0.0,3090.7290000000007
831,0.0,0.0,0.0,0.0,0.0,0.0,3000.0,0.0,0.0,3000.0
832,0.0,0.0,0.0,0.0,0.0,0.0,3000.0,0.0,0.0,3000.0
833,0.0,0.0,0.0,0.0,0.0,0.0,3000.0,0.0,0.0,3000.0
834,0.0,0.0,0.0,0.0,0.0,0.0,3000.0,0.0,0.0,3000.0
835,0.0,0.0,0.0,0.0,0.0,0.0,3000.0,0.0,0.0,3000.0
836,0.0,0.0,0.0,0.0,0.0,0.0,3000.0,0.0,0.0,3000.0
837,0.0,0.0,0.0,0.0,0.0,0.0,3000.0,0.0,0.0,3000.0
838,0.0,0.0,0.0,0.0,0.0,0.0,3000.0,0.0,0.0,3000.0
839,0.0,0.0,0.0,0.0,0.0,0.0,0.0,0.0,0.0,0.0
840,0.0,0.0,0.0,0.0,0.0,0.0,0.0,0.0,0.0,0.0
841,0.0,0.0,0.0,0.0,0.0,0.0,0.0,0.0,0.0,0.0
842,0.0,0.0,0.0,0.0,0.0,0.0,0.0,0.0,0.0,0.0
843,0.0,0.0,0.0,0.0,0.0,0.0,0.0,0.0,0.0,0.0
844,0.0,0.0,0.0,0.0,0.0,0.0,0.0,0.0,0.0,0.0
845,0.0,0.0,0.0,0.0,0.0,0.0,750.0,0.0,0.0,750.0
846,0.0,0.0,0.0,0.0,0.0,0.0,3000.0,0.0,0.0,3000.0
847,0.0,0.0,0.0,0.0,0.0,0.0,3000.0,0.0,0.0,3000.0
848,2803.065,0.0,0.0,0.0,0.0,0.0,281.02695,0.0,0.0,3084.09195
849,3092.78350515464,0.0,0.0,2879.43649484536,0.0,0.0,0.0,0.0,0.0,3092.78350515464
850,3092.78350515464,0.0,0.0,2944.20649484536,0.0,0.0,0.0,0.0,0.0,3092.78350515464
851,3092.78350515464,0.0,0.0,1541.39149484536,0.0,0.0,0.0,0.0,0.0,3092.78350515464
852,2972.31,0.0,0.0,0.0,0.0,0.0,116.8593,0.0,0.0,3089.1693
853,3092.78350515464,0.0,0.0,672.06649484536,0.0,0.0,0.0,0.0,0.0,3092.78350515464
854,3092.78350515464,0.0,0.0,291.051494845361,0.0,0.0,0.0,0.0,0.0,3092.78350515464
855,0.0,0.0,0.0,0.0,0.0,0.0,3000.0,0.0,0.0,3000.0
856,0.0,0.0,0.0,0.0,0.0,0.0,3000.0,0.0,0.0,3000.0
857,0.0,0.0,0.0,0.0,0.0,0.0,3000.0,0.0,0.0,3000.0
858,0.0,0.0,0.0,0.0,0.0,0.0,3000.0,0.0,0.0,3000.0
859,0.0,0.0,0.0,0.0,0.0,0.0,3000.0,0.0,0.0,3000.0
860,0.0,0.0,0.0,0.0,0.0,0.0,3000.0,0.0,0.0,3000.0
861,0.0,0.0,0.0,0.0,0.0,0.0,3000.0,0.0,0.0,3000.0
862,0.0,0.0,0.0,0.0,0.0,0.0,3000.0,0.0,0.0,3000.0
863,0.0,0.0,0.0,0.0,0.0,0.0,0.0,0.0,0.0,0.0
864,0.0,0.0,0.0,0.0,0.0,0.0,0.0,0.0,0.0,0.0
865,0.0,0.0,0.0,0.0,0.0,0.0,0.0,0.0,0.0,0.0
866,0.0,0.0,0.0,0.0,0.0,0.0,0.0,0.0,0.0,0.0
867,0.0,0.0,0.0,0.0,0.0,0.0,0.0,0.0,0.0,0.0
868,0.0,0.0,0.0,0.0,0.0,0.0,0.0,0.0,0.0,0.0
869,0.0,0.0,0.0,0.0,0.0,0.0,750.0,0.0,0.0,750.0
870,0.0,0.0,0.0,0.0,0.0,0.0,3000.0,0.0,0.0,3000.0
871,0.0,0.0,0.0,0.0,0.0,0.0,3000.0,0.0,0.0,3000.0
872,154.362,0.0,0.0,0.0,0.0,0.0,2850.26886,0.0,0.0,3004.63086
873,3092.78350515464,0.0,0.0,24.0064948453601,0.0,0.0,0.0,0.0,0.0,3092.78350515464
874,2149.29,0.0,0.0,0.0,0.0,0.0,915.1887,0.0,0.0,3064.4787
875,1294.9035,0.0,0.0,0.0,0.0,0.0,1743.943605,0.0,0.0,3038.847105
876,1154.5365,0.0,0.0,0.0,0.0,0.0,1880.099595,0.0,0.0,3034.636095
877,370.3845,0.0,0.0,0.0,0.0,0.0,2640.727035,0.0,0.0,3011.111535
878,113.7246,0.0,0.0,0.0,0.0,0.0,2889.687138,0.0,0.0,3003.411738
879,0.0,0.0,0.0,0.0,0.0,0.0,3000.0,0.0,0.0,3000.0
880,0.0,0.0,0.0,0.0,0.0,0.0,3000.0,0.0,0.0,3000.0
881,0.0,0.0,0.0,0.0,0.0,0.0,3000.0,0.0,0.0,3000.0
882,0.0,0.0,0.0,0.0,0.0,0.0,3000.0,0.0,0.0,3000.0
883,0.0,0.0,0.0,0.0,0.0,0.0,3000.0,0.0,0.0,3000.0
884,0.0,0.0,0.0,0.0,0.0,0.0,3000.0,0.0,0.0,3000.0
885,0.0,0.0,0.0,0.0,0.0,0.0,3000.0,0.0,0.0,3000.0
886,0.0,0.0,0.0,0.0,0.0,0.0,3000.0,0.0,0.0,3000.0
887,0.0,0.0,0.0,0.0,0.0,0.0,0.0,0.0,0.0,0.0
888,0.0,0.0,0.0,0.0,0.0,0.0,0.0,0.0,0.0,0.0
889,0.0,0.0,0.0,0.0,0.0,0.0,0.0,0.0,0.0,0.0
890,0.0,0.0,0.0,0.0,0.0,0.0,0.0,0.0,0.0,0.0
891,0.0,0.0,0.0,0.0,0.0,0.0,0.0,0.0,0.0,0.0
892,0.0,0.0,0.0,0.0,0.0,0.0,0.0,0.0,0.0,0.0
893,0.0,0.0,0.0,0.0,0.0,0.0,750.0,0.0,0.0,750.0
894,0.0,0.0,0.0,0.0,0.0,0.0,3000.0,0.0,0.0,3000.0
895,0.0,0.0,0.0,0.0,0.0,0.0,3000.0,0.0,0.0,3000.0
896,954.603,0.0,0.0,0.0,0.0,0.0,2074.03509,0.0,0.0,3028.63809
897,1213.944,0.0,0.0,0.0,0.0,0.0,1822.47432,0.0,0.0,3036.4183199999998
898,250.4805,0.0,0.0,0.0,0.0,0.0,2757.033915,0.0,0.0,3007.514415
899,362.844,0.0,0.0,0.0,0.0,0.0,2648.04132,0.0,0.0,3010.88532
900,329.451,0.0,0.0,0.0,0.0,0.0,2680.43253,0.0,0.0,3009.88353
901,174.441,0.0,0.0,0.0,0.0,0.0,2830.79223,0.0,0.0,3005.23323
902,19.58445,0.0,0.0,0.0,0.0,0.0,2981.0030835,0.0,0.0,3000.5875334999996
903,0.0,0.0,0.0,0.0,0.0,0.0,3000.0,0.0,0.0,3000.0
904,0.0,0.0,0.0,0.0,0.0,0.0,3000.0,0.0,0.0,3000.0
905,0.0,0.0,0.0,0.0,0.0,0.0,3000.0,0.0,0.0,3000.0
906,0.0,0.0,0.0,0.0,0.0,0.0,3000.0,0.0,0.0,3000.0
907,0.0,0.0,0.0,0.0,0.0,0.0,3000.0,0.0,0.0,3000.0
908,0.0,0.0,0.0,0.0,0.0,0.0,3000.0,0.0,0.0,3000.0
909,0.0,0.0,0.0,0.0,0.0,0.0,3000.0,0.0,0.0,3000.0
910,0.0,0.0,0.0,0.0,0.0,0.0,3000.0,0.0,0.0,3000.0
911,0.0,0.0,0.0,0.0,0.0,0.0,0.0,0.0,0.0,0.0
912,0.0,0.0,0.0,0.0,0.0,0.0,0.0,0.0,0.0,0.0
913,0.0,0.0,0.0,0.0,0.0,0.0,0.0,0.0,0.0,0.0
914,0.0,0.0,0.0,0.0,0.0,0.0,0.0,0.0,0.0,0.0
915,0.0,0.0,0.0,0.0,0.0,0.0,0.0,0.0,0.0,0.0
916,0.0,0.0,0.0,0.0,0.0,0.0,0.0,0.0,0.0,0.0
917,0.0,0.0,0.0,0.0,0.0,0.0,750.0,0.0,0.0,750.0
918,0.0,0.0,0.0,0.0,0.0,0.0,3000.0,0.0,0.0,3000.0
919,0.0,0.0,0.0,0.0,0.0,0.0,3000.0,0.0,0.0,3000.0
920,26.11995,0.0,0.0,0.0,0.0,0.0,2974.6636485,0.0,0.0,3000.7835984999997
921,919.146,0.0,0.0,0.0,0.0,0.0,2108.42838,0.0,0.0,3027.57438
922,811.002,0.0,0.0,0.0,0.0,0.0,2213.32806,0.0,0.0,3024.33006
923,915.7785,0.0,0.0,0.0,0.0,0.0,2111.694855,0.0,0.0,3027.473355
924,477.0645,0.0,0.0,0.0,0.0,0.0,2537.247435,0.0,0.0,3014.311935
925,485.595,0.0,0.0,0.0,0.0,0.0,2528.97285,0.0,0.0,3014.5678500000004
926,371.439,0.0,0.0,0.0,0.0,0.0,2639.70417,0.0,0.0,3011.14317
927,0.0,0.0,0.0,0.0,0.0,0.0,3000.0,0.0,0.0,3000.0
928,0.0,0.0,0.0,0.0,0.0,0.0,3000.0,0.0,0.0,3000.0
929,0.0,0.0,0.0,0.0,0.0,0.0,3000.0,0.0,0.0,3000.0
930,0.0,0.0,0.0,0.0,0.0,0.0,3000.0,0.0,0.0,3000.0
931,0.0,0.0,0.0,0.0,0.0,0.0,3000.0,0.0,0.0,3000.0
932,0.0,0.0,0.0,0.0,0.0,0.0,3000.0,0.0,0.0,3000.0
933,0.0,0.0,0.0,0.0,0.0,0.0,3000.0,0.0,0.0,3000.0
934,0.0,0.0,0.0,0.0,0.0,0.0,3000.0,0.0,0.0,3000.0
935,0.0,0.0,0.0,0.0,0.0,0.0,0.0,0.0,0.0,0.0
936,0.0,0.0,0.0,0.0,0.0,0.0,0.0,0.0,0.0,0.0
937,0.0,0.0,0.0,0.0,0.0,0.0,0.0,0.0,0.0,0.0
938,0.0,0.0,0.0,0.0,0.0,0.0,0.0,0.0,0.0,0.0
939,0.0,0.0,0.0,0.0,0.0,0.0,0.0,0.0,0.0,0.0
940,0.0,0.0,0.0,0.0,0.0,0.0,0.0,0.0,0.0,0.0
941,0.0,0.0,0.0,0.0,0.0,0.0,750.0,0.0,0.0,750.0
942,0.0,0.0,0.0,0.0,0.0,0.0,3000.0,0.0,0.0,3000.0
943,0.0,0.0,0.0,0.0,0.0,0.0,3000.0,0.0,0.0,3000.0
944,663.255,0.0,0.0,0.0,0.0,0.0,2356.64265,0.0,0.0,3019.89765
945,1158.87,0.0,0.0,0.0,0.0,0.0,1875.8961,0.0,0.0,3034.7661
946,283.3035,0.0,0.0,0.0,0.0,0.0,2725.195605,0.0,0.0,3008.499105
947,307.2435,0.0,0.0,0.0,0.0,0.0,2701.973805,0.0,0.0,3009.217305
948,237.5355,0.0,0.0,0.0,0.0,0.0,2769.590565,0.0,0.0,3007.126065
949,310.8015,0.0,0.0,0.0,0.0,0.0,2698.522545,0.0,0.0,3009.324045
950,60.1143,0.0,0.0,0.0,0.0,0.0,2941.689129,0.0,0.0,3001.803429
951,0.0,0.0,0.0,0.0,0.0,0.0,3000.0,0.0,0.0,3000.0
952,0.0,0.0,0.0,0.0,0.0,0.0,3000.0,0.0,0.0,3000.0
953,0.0,0.0,0.0,0.0,0.0,0.0,3000.0,0.0,0.0,3000.0
954,0.0,0.0,0.0,0.0,0.0,0.0,3000.0,0.0,0.0,3000.0
955,0.0,0.0,0.0,0.0,0.0,0.0,3000.0,0.0,0.0,3000.0
956,0.0,0.0,0.0,0.0,0.0,0.0,3000.0,0.0,0.0,3000.0
957,0.0,0.0,0.0,0.0,0.0,0.0,3000.0,0.0,0.0,3000.0
958,0.0,0.0,0.0,0.0,0.0,0.0,3000.0,0.0,0.0,3000.0
959,0.0,0.0,0.0,0.0,0.0,0.0,0.0,0.0,0.0,0.0
960,0.0,0.0,0.0,0.0,0.0,0.0,0.0,0.0,0.0,0.0
961,0.0,0.0,0.0,0.0,0.0,0.0,0.0,0.0,0.0,0.0
962,0.0,0.0,0.0,0.0,0.0,0.0,0.0,0.0,0.0,0.0
963,0.0,0.0,0.0,0.0,0.0,0.0,0.0,0.0,0.0,0.0
964,0.0,0.0,0.0,0.0,0.0,0.0,0.0,0.0,0.0,0.0
965,0.0,0.0,0.0,0.0,0.0,0.0,750.0,0.0,0.0,750.0
966,0.0,0.0,0.0,0.0,0.0,0.0,3000.0,0.0,0.0,3000.0
967,0.0,0.0,0.0,0.0,0.0,0.0,3000.0,0.0,0.0,3000.0
968,641.34,0.0,0.0,0.0,0.0,0.0,2377.9002,0.0,0.0,3019.2402
969,2120.01,0.0,0.0,0.0,0.0,0.0,943.5903,0.0,0.0,3063.6003
970,1087.8105,0.0,0.0,0.0,0.0,0.0,1944.823815,0.0,0.0,3032.6343150000002
971,378.669,0.0,0.0,0.0,0.0,0.0,2632.69107,0.0,0.0,3011.3600699999997
972,1253.9295,0.0,0.0,0.0,0.0,0.0,1783.688385,0.0,0.0,3037.6178849999997
973,1763.745,0.0,0.0,0.0,0.0,0.0,1289.16735,0.0,0.0,3052.9123499999996
974,3092.78350515464,0.0,0.0,1671.11149484536,0.0,0.0,0.0,0.0,0.0,3092.78350515464
975,0.0,0.0,0.0,0.0,0.0,0.0,3000.0,0.0,0.0,3000.0
976,0.0,0.0,0.0,0.0,0.0,0.0,3000.0,0.0,0.0,3000.0
977,0.0,0.0,0.0,0.0,0.0,0.0,3000.0,0.0,0.0,3000.0
978,0.0,0.0,0.0,0.0,0.0,0.0,3000.0,0.0,0.0,3000.0
979,0.0,0.0,0.0,0.0,0.0,0.0,3000.0,0.0,0.0,3000.0
980,0.0,0.0,0.0,0.0,0.0,0.0,3000.0,0.0,0.0,3000.0
981,0.0,0.0,0.0,0.0,0.0,0.0,3000.0,0.0,0.0,3000.0
982,0.0,0.0,0.0,0.0,0.0,0.0,3000.0,0.0,0.0,3000.0
983,0.0,0.0,0.0,0.0,0.0,0.0,0.0,0.0,0.0,0.0
984,0.0,0.0,0.0,0.0,0.0,0.0,0.0,0.0,0.0,0.0
985,0.0,0.0,0.0,0.0,0.0,0.0,0.0,0.0,0.0,0.0
986,0.0,0.0,0.0,0.0,0.0,0.0,0.0,0.0,0.0,0.0
987,0.0,0.0,0.0,0.0,0.0,0.0,0.0,0.0,0.0,0.0
988,0.0,0.0,0.0,0.0,0.0,0.0,0.0,0.0,0.0,0.0
989,0.0,0.0,0.0,0.0,0.0,0.0,750.0,0.0,0.0,750.0
990,0.0,0.0,0.0,0.0,0.0,0.0,3000.0,0.0,0.0,3000.0
991,0.0,0.0,0.0,0.0,0.0,0.0,3000.0,0.0,0.0,3000.0
992,1714.23,0.0,0.0,0.0,0.0,0.0,1337.1969,0.0,0.0,3051.4269
993,3092.78350515464,0.0,0.0,1242.00649484536,0.0,0.0,0.0,0.0,0.0,3092.78350515464
994,3092.78350515464,0.0,0.0,304.20649484536,0.0,0.0,0.0,0.0,0.0,3092.78350515464
995,2551.125,0.0,0.0,0.0,0.0,0.0,525.40875,0.0,0.0,3076.53375
996,1825.38,0.0,0.0,0.0,0.0,0.0,1229.3814,0.0,0.0,3054.7614000000003
997,1755.03,0.0,0.0,0.0,0.0,0.0,1297.6209,0.0,0.0,3052.6508999999996
998,2623.02,0.0,0.0,0.0,0.0,0.0,455.6706,0.0,0.0,3078.6906
999,0.0,0.0,0.0,0.0,0.0,0.0,3000.0,0.0,0.0,3000.0
1000,0.0,0.0,0.0,0.0,0.0,0.0,3000.0,0.0,0.0,3000.0
1001,0.0,0.0,0.0,0.0,0.0,0.0,3000.0,0.0,0.0,3000.0
1002,0.0,0.0,0.0,0.0,0.0,0.0,3000.0,0.0,0.0,3000.0
1003,0.0,0.0,0.0,0.0,0.0,0.0,3000.0,0.0,0.0,3000.0
1004,0.0,0.0,0.0,0.0,0.0,0.0,3000.0,0.0,0.0,3000.0
1005,0.0,0.0,0.0,0.0,0.0,0.0,3000.0,0.0,0.0,3000.0
1006,0.0,0.0,0.0,0.0,0.0,0.0,3000.0,0.0,0.0,3000.0
1007,0.0,0.0,0.0,0.0,0.0,0.0,0.0,0.0,0.0,0.0
1008,0.0,0.0,0.0,0.0,0.0,0.0,0.0,0.0,0.0,0.0
1009,0.0,0.0,0.0,0.0,0.0,0.0,0.0,0.0,0.0,0.0
1010,0.0,0.0,0.0,0.0,0.0,0.0,0.0,0.0,0.0,0.0
1011,0.0,0.0,0.0,0.0,0.0,0.0,0.0,0.0,0.0,0.0
1012,0.0,0.0,0.0,0.0,0.0,0.0,0.0,0.0,0.0,0.0
1013,0.0,0.0,0.0,0.0,0.0,0.0,750.0,0.0,0.0,750.0
1014,0.0,0.0,0.0,0.0,0.0,0.0,3000.0,0.0,0.0,3000.0
1015,0.0,0.0,0.0,0.0,0.0,0.0,3000.0,0.0,0.0,3000.0
1016,1526.97,0.0,0.0,0.0,0.0,0.0,1518.8391,0.0,0.0,3045.8091
1017,3092.78350515464,0.0,0.0,75.2464948453608,0.0,0.0,0.0,0.0,0.0,3092.78350515464
1018,1008.033,0.0,0.0,0.0,0.0,0.0,2022.20799,0.0,0.0,3030.2409900000002
1019,620.3325,0.0,0.0,0.0,0.0,0.0,2398.277475,0.0,0.0,3018.609975
1020,1540.785,0.0,0.0,0.0,0.0,0.0,1505.43855,0.0,0.0,3046.22355
1021,446.4105,0.0,0.0,0.0,0.0,0.0,2566.981815,0.0,0.0,3013.392315
1022,342.456,0.0,0.0,0.0,0.0,0.0,2667.81768,0.0,0.0,3010.2736800000002
1023,0.0,0.0,0.0,0.0,0.0,0.0,3000.0,0.0,0.0,3000.0
1024,0.0,0.0,0.0,0.0,0.0,0.0,3000.0,0.0,0.0,3000.0
1025,0.0,0.0,0.0,0.0,0.0,0.0,3000.0,0.0,0.0,3000.0
1026,0.0,0.0,0.0,0.0,0.0,0.0,3000.0,0.0,0.0,3000.0
1027,0.0,0.0,0.0,0.0,0.0,0.0,3000.0,0.0,0.0,3000.0
1028,0.0,0.0,0.0,0.0,0.0,0.0,3000.0,0.0,0.0,3000.0
1029,0.0,0.0,0.0,0.0,0.0,0.0,3000.0,0.0,0.0,3000.0
1030,0.0,0.0,0.0,0.0,0.0,0.0,3000.0,0.0,0.0,3000.0
1031,0.0,0.0,0.0,0.0,0.0,0.0,0.0,0.0,0.0,0.0
1032,0.0,0.0,0.0,0.0,0.0,0.0,0.0,0.0,0.0,0.0
1033,0.0,0.0,0.0,0.0,0.0,0.0,0.0,0.0,0.0,0.0
1034,0.0,0.0,0.0,0.0,0.0,0.0,0.0,0.0,0.0,0.0
1035,0.0,0.0,0.0,0.0,0.0,0.0,0.0,0.0,0.0,0.0
1036,0.0,0.0,0.0,0.0,0.0,0.0,0.0,0.0,0.0,0.0
1037,0.0,0.0,0.0,0.0,0.0,0.0,750.0,0.0,0.0,750.0
1038,0.0,0.0,0.0,0.0,0.0,0.0,3000.0,0.0,0.0,3000.0
1039,0.0,0.0,0.0,0.0,0.0,0.0,3000.0,0.0,0.0,3000.0
1040,2585.37,0.0,0.0,0.0,0.0,0.0,492.1911,0.0,0.0,3077.5611
1041,954.6105,0.0,0.0,0.0,0.0,0.0,2074.027815,0.0,0.0,3028.638315
1042,286.443,0.0,0.0,0.0,0.0,0.0,2722.15029,0.0,0.0,3008.59329
1043,1304.847,0.0,0.0,0.0,0.0,0.0,1734.29841,0.0,0.0,3039.14541
1044,1464.1035,0.0,0.0,0.0,0.0,0.0,1579.819605,0.0,0.0,3043.923105
1045,2531.58,0.0,0.0,0.0,0.0,0.0,544.3674,0.0,0.0,3075.9474
1046,1806.78,0.0,0.0,0.0,0.0,0.0,1247.4234,0.0,0.0,3054.2034
1047,0.0,0.0,0.0,0.0,0.0,0.0,3000.0,0.0,0.0,3000.0
1048,0.0,0.0,0.0,0.0,0.0,0.0,3000.0,0.0,0.0,3000.0
1049,0.0,0.0,0.0,0.0,0.0,0.0,3000.0,0.0,0.0,3000.0
1050,0.0,0.0,0.0,0.0,0.0,0.0,3000.0,0.0,0.0,3000.0
1051,0.0,0.0,0.0,0.0,0.0,0.0,3000.0,0.0,0.0,3000.0
1052,0.0,0.0,0.0,0.0,0.0,0.0,3000.0,0.0,0.0,3000.0
1053,0.0,0.0,0.0,0.0,0.0,0.0,3000.0,0.0,0.0,3000.0
1054,0.0,0.0,0.0,0.0,0.0,0.0,3000.0,0.0,0.0,3000.0
1055,0.0,0.0,0.0,0.0,0.0,0.0,0.0,0.0,0.0,0.0
1056,0.0,0.0,0.0,0.0,0.0,0.0,0.0,0.0,0.0,0.0
1057,0.0,0.0,0.0,0.0,0.0,0.0,0.0,0.0,0.0,0.0
1058,0.0,0.0,0.0,0.0,0.0,0.0,0.0,0.0,0.0,0.0
1059,0.0,0.0,0.0,0.0,0.0,0.0,0.0,0.0,0.0,0.0
1060,0.0,0.0,0.0,0.0,0.0,0.0,0.0,0.0,0.0,0.0
1061,0.0,0.0,0.0,0.0,0.0,0.0,750.0,0.0,0.0,750.0
1062,0.0,0.0,0.0,0.0,0.0,0.0,3000.0,0.0,0.0,3000.0
1063,0.0,0.0,0.0,0.0,0.0,0.0,3000.0,0.0,0.0,3000.0
1064,2968.23,0.0,0.0,0.0,0.0,0.0,120.8169,0.0,0.0,3089.0469
1065,3092.78350515464,0.0,0.0,718.221494845361,0.0,0.0,0.0,0.0,0.0,3092.78350515464
1066,2408.61,0.0,0.0,0.0,0.0,0.0,663.6483,0.0,0.0,3072.2583
1067,1072.1895,0.0,0.0,0.0,0.0,0.0,1959.976185,0.0,0.0,3032.165685
1068,586.0575,0.0,0.0,0.0,0.0,0.0,2431.524225,0.0,0.0,3017.581725
1069,875.682,0.0,0.0,0.0,0.0,0.0,2150.58846,0.0,0.0,3026.2704599999997
1070,254.316,0.0,0.0,0.0,0.0,0.0,2753.31348,0.0,0.0,3007.6294799999996
1071,0.0,0.0,0.0,0.0,0.0,0.0,3000.0,0.0,0.0,3000.0
1072,0.0,0.0,0.0,0.0,0.0,0.0,3000.0,0.0,0.0,3000.0
1073,0.0,0.0,0.0,0.0,0.0,0.0,3000.0,0.0,0.0,3000.0
1074,0.0,0.0,0.0,0.0,0.0,0.0,3000.0,0.0,0.0,3000.0
1075,0.0,0.0,0.0,0.0,0.0,0.0,3000.0,0.0,0.0,3000.0
1076,0.0,0.0,0.0,0.0,0.0,0.0,3000.0,0.0,0.0,3000.0
1077,0.0,0.0,0.0,0.0,0.0,0.0,3000.0,0.0,0.0,3000.0
1078,0.0,0.0,0.0,0.0,0.0,0.0,3000.0,0.0,0.0,3000.0
1079,0.0,0.0,0.0,0.0,0.0,0.0,0.0,0.0,0.0,0.0
1080,0.0,0.0,0.0,0.0,0.0,0.0,0.0,0.0,0.0,0.0
1081,0.0,0.0,0.0,0.0,0.0,0.0,0.0,0.0,0.0,0.0
1082,0.0,0.0,0.0,0.0,0.0,0.0,0.0,0.0,0.0,0.0
1083,0.0,0.0,0.0,0.0,0.0,0.0,0.0,0.0,0.0,0.0
1084,0.0,0.0,0.0,0.0,0.0,0.0,0.0,0.0,0.0,0.0
1085,0.0,0.0,0.0,0.0,0.0,0.0,750.0,0.0,0.0,750.0
1086,0.0,0.0,0.0,0.0,0.0,0.0,3000.0,0.0,0.0,3000.0
1087,0.0,0.0,0.0,0.0,0.0,0.0,3000.0,0.0,0.0,3000.0
1088,2625.78,0.0,0.0,0.0,0.0,0.0,452.9934,0.0,0.0,3078.7734
1089,1194.7395,0.0,0.0,0.0,0.0,0.0,1841.102685,0.0,0.0,3035.842185
1090,453.0645,0.0,0.0,0.0,0.0,0.0,2560.527435,0.0,0.0,3013.591935
1091,859.341,0.0,0.0,0.0,0.0,0.0,2166.43923,0.0,0.0,3025.78023
1092,595.8585,0.0,0.0,0.0,0.0,0.0,2422.017255,0.0,0.0,3017.875755
1093,1011.582,0.0,0.0,0.0,0.0,0.0,2018.76546,0.0,0.0,3030.34746
1094,60.8319,0.0,0.0,0.0,0.0,0.0,2940.993057,0.0,0.0,3001.8249570000003
1095,0.0,0.0,0.0,0.0,0.0,0.0,3000.0,0.0,0.0,3000.0
1096,0.0,0.0,0.0,0.0,0.0,0.0,3000.0,0.0,0.0,3000.0
1097,0.0,0.0,0.0,0.0,0.0,0.0,3000.0,0.0,0.0,3000.0
1098,0.0,0.0,0.0,0.0,0.0,0.0,3000.0,0.0,0.0,3000.0
1099,0.0,0.0,0.0,0.0,0.0,0.0,3000.0,0.0,0.0,3000.0
1100,0.0,0.0,0.0,0.0,0.0,0.0,3000.0,0.0,0.0,3000.0
1101,0.0,0.0,0.0,0.0,0.0,0.0,3000.0,0.0,0.0,3000.0
1102,0.0,0.0,0.0,0.0,0.0,0.0,3000.0,0.0,0.0,3000.0
1103,0.0,0.0,0.0,0.0,0.0,0.0,0.0,0.0,0.0,0.0
1104,0.0,0.0,0.0,0.0,0.0,0.0,0.0,0.0,0.0,0.0
1105,0.0,0.0,0.0,0.0,0.0,0.0,0.0,0.0,0.0,0.0
1106,0.0,0.0,0.0,0.0,0.0,0.0,0.0,0.0,0.0,0.0
1107,0.0,0.0,0.0,0.0,0.0,0.0,0.0,0.0,0.0,0.0
1108,0.0,0.0,0.0,0.0,0.0,0.0,0.0,0.0,0.0,0.0
1109,0.0,0.0,0.0,0.0,0.0,0.0,750.0,0.0,0.0,750.0
1110,0.0,0.0,0.0,0.0,0.0,0.0,3000.0,0.0,0.0,3000.0
1111,0.0,0.0,0.0,0.0,0.0,0.0,3000.0,0.0,0.0,3000.0
1112,1158.342,0.0,0.0,0.0,0.0,0.0,1876.40826,0.0,0.0,3034.75026
1113,1135.707,0.0,0.0,0.0,0.0,0.0,1898.36421,0.0,0.0,3034.07121
1114,858.1095,0.0,0.0,0.0,0.0,0.0,2167.633785,0.0,0.0,3025.743285
1115,261.36,0.0,0.0,0.0,0.0,0.0,2746.4808,0.0,0.0,3007.8408
1116,332.754,0.0,0.0,0.0,0.0,0.0,2677.22862,0.0,0.0,3009.9826199999998
1117,159.96,0.0,0.0,0.0,0.0,0.0,2844.8388,0.0,0.0,3004.7988
1118,157.3755,0.0,0.0,0.0,0.0,0.0,2847.345765,0.0,0.0,3004.721265
1119,49.6836,0.0,0.0,0.0,0.0,0.0,2951.806908,0.0,0.0,3001.490508
1120,0.0,0.0,0.0,0.0,0.0,0.0,3000.0,0.0,0.0,3000.0
1121,0.0,0.0,0.0,0.0,0.0,0.0,3000.0,0.0,0.0,3000.0
1122,0.0,0.0,0.0,0.0,0.0,0.0,3000.0,0.0,0.0,3000.0
1123,0.0,0.0,0.0,0.0,0.0,0.0,3000.0,0.0,0.0,3000.0
1124,0.0,0.0,0.0,0.0,0.0,0.0,3000.0,0.0,0.0,3000.0
1125,0.0,0.0,0.0,0.0,0.0,0.0,3000.0,0.0,0.0,3000.0
1126,0.0,0.0,0.0,0.0,0.0,0.0,3000.0,0.0,0.0,3000.0
1127,0.0,0.0,0.0,0.0,0.0,0.0,0.0,0.0,0.0,0.0
1128,0.0,0.0,0.0,0.0,0.0,0.0,0.0,0.0,0.0,0.0
1129,0.0,0.0,0.0,0.0,0.0,0.0,0.0,0.0,0.0,0.0
1130,0.0,0.0,0.0,0.0,0.0,0.0,0.0,0.0,0.0,0.0
1131,0.0,0.0,0.0,0.0,0.0,0.0,0.0,0.0,0.0,0.0
1132,0.0,0.0,0.0,0.0,0.0,0.0,0.0,0.0,0.0,0.0
1133,0.0,0.0,0.0,0.0,0.0,0.0,750.0,0.0,0.0,750.0
1134,0.0,0.0,0.0,0.0,0.0,0.0,3000.0,0.0,0.0,3000.0
1135,0.0,0.0,0.0,0.0,0.0,0.0,3000.0,0.0,0.0,3000.0
1136,884.1675,0.0,0.0,0.0,0.0,0.0,2142.357525,0.0,0.0,3026.525025
1137,1662.375,0.0,0.0,0.0,0.0,0.0,1387.49625,0.0,0.0,3049.87125
1138,459.024,0.0,0.0,0.0,0.0,0.0,2554.74672,0.0,0.0,3013.77072
1139,529.164,0.0,0.0,0.0,0.0,0.0,2486.71092,0.0,0.0,3015.87492
1140,268.5195,0.0,0.0,0.0,0.0,0.0,2739.536085,0.0,0.0,3008.055585
1141,313.9245,0.0,0.0,0.0,0.0,0.0,2695.493235,0.0,0.0,3009.417735
1142,2433.105,0.0,0.0,0.0,0.0,0.0,639.88815,0.0,0.0,3072.9931500000002
1143,2220.0,0.0,0.0,0.0,0.0,0.0,846.6,0.0,0.0,3066.6
1144,0.0,0.0,0.0,0.0,0.0,0.0,3000.0,0.0,0.0,3000.0
1145,0.0,0.0,0.0,0.0,0.0,0.0,3000.0,0.0,0.0,3000.0
1146,0.0,0.0,0.0,0.0,0.0,0.0,3000.0,0.0,0.0,3000.0
1147,0.0,0.0,0.0,0.0,0.0,0.0,3000.0,0.0,0.0,3000.0
1148,0.0,0.0,0.0,0.0,0.0,0.0,3000.0,0.0,0.0,3000.0
1149,0.0,0.0,0.0,0.0,0.0,0.0,3000.0,0.0,0.0,3000.0
1150,0.0,0.0,0.0,0.0,0.0,0.0,3000.0,0.0,0.0,3000.0
1151,0.0,0.0,0.0,0.0,0.0,0.0,0.0,0.0,0.0,0.0
1152,0.0,0.0,0.0,0.0,0.0,0.0,0.0,0.0,0.0,0.0
1153,0.0,0.0,0.0,0.0,0.0,0.0,0.0,0.0,0.0,0.0
1154,0.0,0.0,0.0,0.0,0.0,0.0,0.0,0.0,0.0,0.0
1155,0.0,0.0,0.0,0.0,0.0,0.0,0.0,0.0,0.0,0.0
1156,0.0,0.0,0.0,0.0,0.0,0.0,0.0,0.0,0.0,0.0
1157,0.0,0.0,0.0,0.0,0.0,0.0,750.0,0.0,0.0,750.0
1158,0.0,0.0,0.0,0.0,0.0,0.0,3000.0,0.0,0.0,3000.0
1159,0.0,0.0,0.0,0.0,0.0,0.0,3000.0,0.0,0.0,3000.0
1160,58.1877,0.0,0.0,0.0,0.0,0.0,2943.557931,0.0,0.0,3001.745631
1161,239.538,0.0,0.0,0.0,0.0,0.0,2767.64814,0.0,0.0,3007.18614
1162,254.439,0.0,0.0,0.0,0.0,0.0,2753.19417,0.0,0.0,3007.63317
1163,583.5225,0.0,0.0,0.0,0.0,0.0,2433.983175,0.0,0.0,3017.505675
1164,265.2825,0.0,0.0,0.0,0.0,0.0,2742.675975,0.0,0.0,3007.9584750000004
1165,299.1135,0.0,0.0,0.0,0.0,0.0,2709.859905,0.0,0.0,3008.9734049999997
1166,1689.855,0.0,0.0,0.0,0.0,0.0,1360.84065,0.0,0.0,3050.69565
1167,0.0,0.0,0.0,0.0,0.0,0.0,3000.0,0.0,0.0,3000.0
1168,0.0,0.0,0.0,0.0,0.0,0.0,3000.0,0.0,0.0,3000.0
1169,0.0,0.0,0.0,0.0,0.0,0.0,3000.0,0.0,0.0,3000.0
1170,0.0,0.0,0.0,0.0,0.0,0.0,3000.0,0.0,0.0,3000.0
1171,0.0,0.0,0.0,0.0,0.0,0.0,3000.0,0.0,0.0,3000.0
1172,0.0,0.0,0.0,0.0,0.0,0.0,3000.0,0.0,0.0,3000.0
1173,0.0,0.0,0.0,0.0,0.0,0.0,3000.0,0.0,0.0,3000.0
1174,0.0,0.0,0.0,0.0,0.0,0.0,3000.0,0.0,0.0,3000.0
1175,0.0,0.0,0.0,0.0,0.0,0.0,0.0,0.0,0.0,0.0
1176,0.0,0.0,0.0,0.0,0.0,0.0,0.0,0.0,0.0,0.0
1177,0.0,0.0,0.0,0.0,0.0,0.0,0.0,0.0,0.0,0.0
1178,0.0,0.0,0.0,0.0,0.0,0.0,0.0,0.0,0.0,0.0
1179,0.0,0.0,0.0,0.0,0.0,0.0,0.0,0.0,0.0,0.0
1180,0.0,0.0,0.0,0.0,0.0,0.0,0.0,0.0,0.0,0.0
1181,0.0,0.0,0.0,0.0,0.0,0.0,750.0,0.0,0.0,750.0
1182,0.0,0.0,0.0,0.0,0.0,0.0,3000.0,0.0,0.0,3000.0
1183,0.0,0.0,0.0,0.0,0.0,0.0,3000.0,0.0,0.0,3000.0
1184,3092.78350515464,0.0,0.0,677.571494845361,0.0,0.0,0.0,0.0,0.0,3092.78350515464
1185,1117.3695,0.0,0.0,0.0,0.0,0.0,1916.151585,0.0,0.0,3033.5210850000003
1186,230.739,0.0,0.0,0.0,0.0,0.0,2776.18317,0.0,0.0,3006.92217
1187,420.48,0.0,0.0,0.0,0.0,0.0,2592.1344,0.0,0.0,3012.6144
1188,276.324,0.0,0.0,0.0,0.0,0.0,2731.96572,0.0,0.0,3008.28972
1189,228.1335,0.0,0.0,0.0,0.0,0.0,2778.710505,0.0,0.0,3006.844005
1190,241.2735,0.0,0.0,0.0,0.0,0.0,2765.964705,0.0,0.0,3007.2382049999997
1191,0.0,0.0,0.0,0.0,0.0,0.0,3000.0,0.0,0.0,3000.0
1192,0.0,0.0,0.0,0.0,0.0,0.0,3000.0,0.0,0.0,3000.0
1193,0.0,0.0,0.0,0.0,0.0,0.0,3000.0,0.0,0.0,3000.0
1194,0.0,0.0,0.0,0.0,0.0,0.0,3000.0,0.0,0.0,3000.0
1195,0.0,0.0,0.0,0.0,0.0,0.0,3000.0,0.0,0.0,3000.0
1196,0.0,0.0,0.0,0.0,0.0,0.0,3000.0,0.0,0.0,3000.0
1197,0.0,0.0,0.0,0.0,0.0,0.0,3000.0,0.0,0.0,3000.0
1198,0.0,0.0,0.0,0.0,0.0,0.0,3000.0,0.0,0.0,3000.0
1199,0.0,0.0,0.0,0.0,0.0,0.0,0.0,0.0,0.0,0.0
1200,0.0,0.0,0.0,0.0,0.0,0.0,0.0,0.0,0.0,0.0
1201,0.0,0.0,0.0,0.0,0.0,0.0,0.0,0.0,0.0,0.0
1202,0.0,0.0,0.0,0.0,0.0,0.0,0.0,0.0,0.0,0.0
1203,0.0,0.0,0.0,0.0,0.0,0.0,0.0,0.0,0.0,0.0
1204,0.0,0.0,0.0,0.0,0.0,0.0,0.0,0.0,0.0,0.0
1205,0.0,0.0,0.0,0.0,0.0,0.0,750.0,0.0,0.0,750.0
1206,0.0,0.0,0.0,0.0,0.0,0.0,3000.0,0.0,0.0,3000.0
1207,0.0,0.0,0.0,0.0,0.0,0.0,3000.0,0.0,0.0,3000.0
1208,1341.774,0.0,0.0,0.0,0.0,0.0,1698.47922,0.0,0.0,3040.2532199999996
1209,2425.425,0.0,0.0,0.0,0.0,0.0,647.33775,0.0,0.0,3072.7627500000003
1210,1400.8695,0.0,0.0,0.0,0.0,0.0,1641.156585,0.0,0.0,3042.026085
1211,1362.0585,0.0,0.0,0.0,0.0,0.0,1678.803255,0.0,0.0,3040.861755
1212,941.7195,0.0,0.0,0.0,0.0,0.0,2086.532085,0.0,0.0,3028.251585
1213,767.877,0.0,0.0,0.0,0.0,0.0,2255.15931,0.0,0.0,3023.03631
1214,81.5727,0.0,0.0,0.0,0.0,0.0,2920.874481,0.0,0.0,3002.447181
1215,1635.27,0.0,0.0,0.0,0.0,0.0,1413.7881,0.0,0.0,3049.0581
1216,0.0,0.0,0.0,0.0,0.0,0.0,3000.0,0.0,0.0,3000.0
1217,0.0,0.0,0.0,0.0,0.0,0.0,3000.0,0.0,0.0,3000.0
1218,0.0,0.0,0.0,0.0,0.0,0.0,3000.0,0.0,0.0,3000.0
1219,0.0,0.0,0.0,0.0,0.0,0.0,3000.0,0.0,0.0,3000.0
1220,0.0,0.0,0.0,0.0,0.0,0.0,3000.0,0.0,0.0,3000.0
1221,0.0,0.0,0.0,0.0,0.0,0.0,3000.0,0.0,0.0,3000.0
1222,0.0,0.0,0.0,0.0,0.0,0.0,3000.0,0.0,0.0,3000.0
1223,0.0,0.0,0.0,0.0,0.0,0.0,0.0,0.0,0.0,0.0
1224,0.0,0.0,0.0,0.0,0.0,0.0,0.0,0.0,0.0,0.0
1225,0.0,0.0,0.0,0.0,0.0,0.0,0.0,0.0,0.0,0.0
1226,0.0,0.0,0.0,0.0,0.0,0.0,0.0,0.0,0.0,0.0
1227,0.0,0.0,0.0,0.0,0.0,0.0,0.0,0.0,0.0,0.0
1228,0.0,0.0,0.0,0.0,0.0,0.0,0.0,0.0,0.0,0.0
1229,0.0,0.0,0.0,0.0,0.0,0.0,750.0,0.0,0.0,750.0
1230,0.0,0.0,0.0,0.0,0.0,0.0,3000.0,0.0,0.0,3000.0
1231,0.0,0.0,0.0,0.0,0.0,0.0,3000.0,0.0,0.0,3000.0
1232,3067.53,0.0,0.0,0.0,0.0,0.0,24.4958999999999,0.0,0.0,3092.0259
1233,1879.11,0.0,0.0,0.0,0.0,0.0,1177.2633,0.0,0.0,3056.3733
1234,523.6755,0.0,0.0,0.0,0.0,0.0,2492.034765,0.0,0.0,3015.7102649999997
1235,614.13,0.0,0.0,0.0,0.0,0.0,2404.2939,0.0,0.0,3018.4239000000002
1236,344.04,0.0,0.0,0.0,0.0,0.0,2666.2812,0.0,0.0,3010.3212
1237,254.5335,0.0,0.0,0.0,0.0,0.0,2753.102505,0.0,0.0,3007.636005
1238,287.259,0.0,0.0,0.0,0.0,0.0,2721.35877,0.0,0.0,3008.61777
1239,39.8313,0.0,0.0,0.0,0.0,0.0,2961.363639,0.0,0.0,3001.194939
1240,0.0,0.0,0.0,0.0,0.0,0.0,3000.0,0.0,0.0,3000.0
1241,0.0,0.0,0.0,0.0,0.0,0.0,3000.0,0.0,0.0,3000.0
1242,0.0,0.0,0.0,0.0,0.0,0.0,3000.0,0.0,0.0,3000.0
1243,0.0,0.0,0.0,0.0,0.0,0.0,3000.0,0.0,0.0,3000.0
1244,0.0,0.0,0.0,0.0,0.0,0.0,3000.0,0.0,0.0,3000.0
1245,0.0,0.0,0.0,0.0,0.0,0.0,3000.0,0.0,0.0,3000.0
1246,0.0,0.0,0.0,0.0,0.0,0.0,3000.0,0.0,0.0,3000.0
1247,0.0,0.0,0.0,0.0,0.0,0.0,0.0,0.0,0.0,0.0
1248,0.0,0.0,0.0,0.0,0.0,0.0,0.0,0.0,0.0,0.0
1249,0.0,0.0,0.0,0.0,0.0,0.0,0.0,0.0,0.0,0.0
1250,0.0,0.0,0.0,0.0,0.0,0.0,0.0,0.0,0.0,0.0
1251,0.0,0.0,0.0,0.0,0.0,0.0,0.0,0.0,0.0,0.0
1252,0.0,0.0,0.0,0.0,0.0,0.0,0.0,0.0,0.0,0.0
1253,0.0,0.0,0.0,0.0,0.0,0.0,750.0,0.0,0.0,750.0
1254,0.0,0.0,0.0,0.0,0.0,0.0,3000.0,0.0,0.0,3000.0
1255,0.0,0.0,0.0,0.0,0.0,0.0,3000.0,0.0,0.0,3000.0
1256,3092.78350515464,0.0,0.0,1524.83149484536,0.0,0.0,0.0,0.0,0.0,3092.78350515464
1257,498.711,0.0,0.0,0.0,0.0,0.0,2516.25033,0.0,0.0,3014.96133
1258,1980.225,0.0,0.0,0.0,0.0,0.0,1079.18175,0.0,0.0,3059.40675
1259,1034.556,0.0,0.0,0.0,0.0,0.0,1996.48068,0.0,0.0,3031.03668
1260,775.458,0.0,0.0,0.0,0.0,0.0,2247.80574,0.0,0.0,3023.26374
1261,531.552,0.0,0.0,0.0,0.0,0.0,2484.39456,0.0,0.0,3015.9465600000003
1262,443.502,0.0,0.0,0.0,0.0,0.0,2569.80306,0.0,0.0,3013.30506
1263,70.7499,0.0,0.0,0.0,0.0,0.0,2931.372597,0.0,0.0,3002.122497
1264,0.0,0.0,0.0,0.0,0.0,0.0,3000.0,0.0,0.0,3000.0
1265,0.0,0.0,0.0,0.0,0.0,0.0,3000.0,0.0,0.0,3000.0
1266,0.0,0.0,0.0,0.0,0.0,0.0,3000.0,0.0,0.0,3000.0
1267,0.0,0.0,0.0,0.0,0.0,0.0,3000.0,0.0,0.0,3000.0
1268,0.0,0.0,0.0,0.0,0.0,0.0,3000.0,0.0,0.0,3000.0
1269,0.0,0.0,0.0,0.0,0.0,0.0,3000.0,0.0,0.0,3000.0
1270,0.0,0.0,0.0,0.0,0.0,0.0,3000.0,0.0,0.0,3000.0
1271,0.0,0.0,0.0,0.0,0.0,0.0,0.0,0.0,0.0,0.0
1272,0.0,0.0,0.0,0.0,0.0,0.0,0.0,0.0,0.0,0.0
1273,0.0,0.0,0.0,0.0,0.0,0.0,0.0,0.0,0.0,0.0
1274,0.0,0.0,0.0,0.0,0.0,0.0,0.0,0.0,0.0,0.0
1275,0.0,0.0,0.0,0.0,0.0,0.0,0.0,0.0,0.0,0.0
1276,0.0,0.0,0.0,0.0,0.0,0.0,0.0,0.0,0.0,0.0
1277,0.0,0.0,0.0,0.0,0.0,0.0,750.0,0.0,0.0,750.0
1278,0.0,0.0,0.0,0.0,0.0,0.0,3000.0,0.0,0.0,3000.0
1279,0.0,0.0,0.0,0.0,0.0,0.0,3000.0,0.0,0.0,3000.0
1280,3092.78350515464,0.0,0.0,1045.13149484536,0.0,0.0,0.0,0.0,0.0,3092.78350515464
1281,1729.92,0.0,0.0,0.0,0.0,0.0,1321.9776,0.0,0.0,3051.8976000000002
1282,868.2105,0.0,0.0,0.0,0.0,0.0,2157.835815,0.0,0.0,3026.046315
1283,3092.78350515464,0.0,0.0,397.58149484536,0.0,0.0,0.0,0.0,0.0,3092.78350515464
1284,3092.78350515464,0.0,0.0,200.03149484536,0.0,0.0,0.0,0.0,0.0,3092.78350515464
1285,3092.78350515464,0.0,0.0,850.38649484536,0.0,0.0,0.0,0.0,0.0,3092.78350515464
1286,3092.78350515464,0.0,0.0,3313.97149484536,0.0,0.0,0.0,0.0,0.0,3092.78350515464
1287,3092.78350515464,0.0,0.0,1084.86649484536,0.0,0.0,0.0,0.0,0.0,3092.78350515464
1288,0.0,0.0,0.0,0.0,0.0,0.0,3000.0,0.0,0.0,3000.0
1289,0.0,0.0,0.0,0.0,0.0,0.0,3000.0,0.0,0.0,3000.0
1290,0.0,0.0,0.0,0.0,0.0,0.0,3000.0,0.0,0.0,3000.0
1291,0.0,0.0,0.0,0.0,0.0,0.0,3000.0,0.0,0.0,3000.0
1292,0.0,0.0,0.0,0.0,0.0,0.0,3000.0,0.0,0.0,3000.0
1293,0.0,0.0,0.0,0.0,0.0,0.0,3000.0,0.0,0.0,3000.0
1294,0.0,0.0,0.0,0.0,0.0,0.0,3000.0,0.0,0.0,3000.0
1295,0.0,0.0,0.0,0.0,0.0,0.0,0.0,0.0,0.0,0.0
1296,0.0,0.0,0.0,0.0,0.0,0.0,0.0,0.0,0.0,0.0
1297,0.0,0.0,0.0,0.0,0.0,0.0,0.0,0.0,0.0,0.0
1298,0.0,0.0,0.0,0.0,0.0,0.0,0.0,0.0,0.0,0.0
1299,0.0,0.0,0.0,0.0,0.0,0.0,0.0,0.0,0.0,0.0
1300,0.0,0.0,0.0,0.0,0.0,0.0,0.0,0.0,0.0,0.0
1301,0.0,0.0,0.0,0.0,0.0,0.0,750.0,0.0,0.0,750.0
1302,0.0,0.0,0.0,0.0,0.0,0.0,3000.0,0.0,0.0,3000.0
1303,0.0,0.0,0.0,0.0,0.0,0.0,3000.0,0.0,0.0,3000.0
1304,3092.78350515464,0.0,0.0,2673.65149484536,0.0,0.0,0.0,0.0,0.0,3092.78350515464
1305,3092.78350515464,0.0,0.0,2697.24649484536,0.0,0.0,0.0,0.0,0.0,3092.78350515464
1306,3092.78350515464,0.0,0.0,1064.43649484536,0.0,0.0,0.0,0.0,0.0,3092.78350515464
1307,3092.78350515464,0.0,0.0,926.00149484536,0.0,0.0,0.0,0.0,0.0,3092.78350515464
1308,1943.205,0.0,0.0,0.0,0.0,0.0,1115.09115,0.0,0.0,3058.29615
1309,1010.1135,0.0,0.0,0.0,0.0,0.0,2020.189905,0.0,0.0,3030.303405
1310,421.725,0.0,0.0,0.0,0.0,0.0,2590.92675,0.0,0.0,3012.65175
1311,188.514,0.0,0.0,0.0,0.0,0.0,2817.14142,0.0,0.0,3005.65542
1312,0.0,0.0,0.0,0.0,0.0,0.0,3000.0,0.0,0.0,3000.0
1313,0.0,0.0,0.0,0.0,0.0,0.0,3000.0,0.0,0.0,3000.0
1314,0.0,0.0,0.0,0.0,0.0,0.0,3000.0,0.0,0.0,3000.0
1315,0.0,0.0,0.0,0.0,0.0,0.0,3000.0,0.0,0.0,3000.0
1316,0.0,0.0,0.0,0.0,0.0,0.0,3000.0,0.0,0.0,3000.0
1317,0.0,0.0,0.0,0.0,0.0,0.0,3000.0,0.0,0.0,3000.0
1318,0.0,0.0,0.0,0.0,0.0,0.0,3000.0,0.0,0.0,3000.0
1319,0.0,0.0,0.0,0.0,0.0,0.0,0.0,0.0,0.0,0.0
1320,0.0,0.0,0.0,0.0,0.0,0.0,0.0,0.0,0.0,0.0
1321,0.0,0.0,0.0,0.0,0.0,0.0,0.0,0.0,0.0,0.0
1322,0.0,0.0,0.0,0.0,0.0,0.0,0.0,0.0,0.0,0.0
1323,0.0,0.0,0.0,0.0,0.0,0.0,0.0,0.0,0.0,0.0
1324,0.0,0.0,0.0,0.0,0.0,0.0,0.0,0.0,0.0,0.0
1325,0.0,0.0,0.0,0.0,0.0,0.0,750.0,0.0,0.0,750.0
1326,0.0,0.0,0.0,0.0,0.0,0.0,3000.0,0.0,0.0,3000.0
1327,0.0,0.0,0.0,0.0,0.0,0.0,3000.0,0.0,0.0,3000.0
1328,3092.78350515464,0.0,523.451288659793,3711.34020618557,0.0,0.0,0.0,0.0,0.0,3092.78350515464
1329,3092.78350515464,0.0,474.941288659793,3711.34020618557,0.0,0.0,0.0,0.0,0.0,3092.78350515464
1330,2225.565,0.0,0.0,0.0,0.0,0.0,841.20195,0.0,0.0,3066.76695
1331,1390.8705,0.0,0.0,0.0,0.0,0.0,1650.855615,0.0,0.0,3041.726115
1332,1222.083,0.0,0.0,0.0,0.0,0.0,1814.57949,0.0,0.0,3036.66249
1333,3050.805,0.0,0.0,0.0,0.0,0.0,40.7191500000004,0.0,0.0,3091.52415
1334,3092.78350515464,0.0,0.0,3338.97649484536,0.0,0.0,0.0,0.0,0.0,3092.78350515464
1335,3092.78350515464,0.0,0.0,1860.30649484536,0.0,0.0,0.0,0.0,0.0,3092.78350515464
1336,0.0,0.0,0.0,0.0,0.0,0.0,3000.0,0.0,0.0,3000.0
1337,0.0,0.0,0.0,0.0,0.0,0.0,3000.0,0.0,0.0,3000.0
1338,0.0,0.0,0.0,0.0,0.0,0.0,3000.0,0.0,0.0,3000.0
1339,0.0,0.0,0.0,0.0,0.0,0.0,3000.0,0.0,0.0,3000.0
1340,0.0,0.0,0.0,0.0,0.0,0.0,3000.0,0.0,0.0,3000.0
1341,0.0,0.0,0.0,0.0,0.0,0.0,3000.0,0.0,0.0,3000.0
1342,0.0,0.0,0.0,0.0,0.0,0.0,3000.0,0.0,0.0,3000.0
1343,0.0,0.0,0.0,0.0,0.0,0.0,0.0,0.0,0.0,0.0
1344,0.0,0.0,0.0,0.0,0.0,0.0,0.0,0.0,0.0,0.0
1345,0.0,0.0,0.0,0.0,0.0,0.0,0.0,0.0,0.0,0.0
1346,0.0,0.0,0.0,0.0,0.0,0.0,0.0,0.0,0.0,0.0
1347,0.0,0.0,0.0,0.0,0.0,0.0,0.0,0.0,0.0,0.0
1348,0.0,0.0,0.0,0.0,0.0,0.0,0.0,0.0,0.0,0.0
1349,0.0,0.0,0.0,0.0,0.0,0.0,750.0,0.0,0.0,750.0
1350,0.0,0.0,0.0,0.0,0.0,0.0,3000.0,0.0,0.0,3000.0
1351,3092.78350515464,0.0,0.0,609.30649484536,0.0,0.0,0.0,0.0,0.0,3092.78350515464
1352,3092.78350515464,0.0,1156.27128865979,3711.34020618557,0.0,0.0,0.0,0.0,0.0,3092.78350515464
1353,3092.78350515464,0.0,2029.49628865979,3711.34020618557,0.0,0.0,0.0,0.0,0.0,3092.78350515464
1354,3092.78350515464,0.0,1103.86128865979,3711.34020618557,0.0,0.0,0.0,0.0,0.0,3092.78350515464
1355,3092.78350515464,0.0,0.0,3346.68649484536,0.0,0.0,0.0,0.0,0.0,3092.78350515464
1356,3092.78350515464,0.0,0.0,1671.11149484536,0.0,0.0,0.0,0.0,0.0,3092.78350515464
1357,3092.78350515464,0.0,0.0,1953.11149484536,0.0,0.0,0.0,0.0,0.0,3092.78350515464
1358,3092.78350515464,0.0,0.0,2313.12649484536,0.0,0.0,0.0,0.0,0.0,3092.78350515464
1359,3092.78350515464,0.0,0.0,1789.43149484536,0.0,0.0,0.0,0.0,0.0,3092.78350515464
1360,0.0,0.0,0.0,0.0,0.0,0.0,3000.0,0.0,0.0,3000.0
1361,0.0,0.0,0.0,0.0,0.0,0.0,3000.0,0.0,0.0,3000.0
1362,0.0,0.0,0.0,0.0,0.0,0.0,3000.0,0.0,0.0,3000.0
1363,0.0,0.0,0.0,0.0,0.0,0.0,3000.0,0.0,0.0,3000.0
1364,0.0,0.0,0.0,0.0,0.0,0.0,3000.0,0.0,0.0,3000.0
1365,0.0,0.0,0.0,0.0,0.0,0.0,3000.0,0.0,0.0,3000.0
1366,0.0,0.0,0.0,0.0,0.0,0.0,3000.0,0.0,0.0,3000.0
1367,0.0,0.0,0.0,0.0,0.0,0.0,0.0,0.0,0.0,0.0
1368,0.0,0.0,0.0,0.0,0.0,0.0,0.0,0.0,0.0,0.0
1369,0.0,0.0,0.0,0.0,0.0,0.0,0.0,0.0,0.0,0.0
1370,0.0,0.0,0.0,0.0,0.0,0.0,0.0,0.0,0.0,0.0
1371,0.0,0.0,0.0,0.0,0.0,0.0,0.0,0.0,0.0,0.0
1372,0.0,0.0,0.0,0.0,0.0,0.0,0.0,0.0,0.0,0.0
1373,0.0,0.0,0.0,0.0,0.0,0.0,750.0,0.0,0.0,750.0
1374,0.0,0.0,0.0,0.0,0.0,0.0,3000.0,0.0,0.0,3000.0
1375,3092.78350515464,0.0,0.0,671.466494845361,0.0,0.0,0.0,0.0,0.0,3092.78350515464
1376,3092.78350515464,0.0,1277.36628865979,3711.34020618557,0.0,0.0,0.0,0.0,0.0,3092.78350515464
1377,3092.78350515464,0.0,1870.76628865979,3711.34020618557,0.0,0.0,0.0,0.0,0.0,3092.78350515464
1378,3092.78350515464,0.0,1270.36128865979,3711.34020618557,0.0,0.0,0.0,0.0,0.0,3092.78350515464
1379,3092.78350515464,0.0,0.0,3177.08149484536,0.0,0.0,0.0,0.0,0.0,3092.78350515464
1380,3092.78350515464,0.0,0.0,1566.08149484536,0.0,0.0,0.0,0.0,0.0,3092.78350515464
1381,3092.78350515464,0.0,0.0,2564.33149484536,0.0,0.0,0.0,0.0,0.0,3092.78350515464
1382,3092.78350515464,0.0,111.071288659794,3711.34020618557,0.0,0.0,0.0,0.0,0.0,3092.78350515464
1383,3092.78350515464,0.0,0.0,2817.69649484536,0.0,0.0,0.0,0.0,0.0,3092.78350515464
1384,0.0,0.0,0.0,0.0,0.0,0.0,3000.0,0.0,0.0,3000.0
1385,0.0,0.0,0.0,0.0,0.0,0.0,3000.0,0.0,0.0,3000.0
1386,0.0,0.0,0.0,0.0,0.0,0.0,3000.0,0.0,0.0,3000.0
1387,0.0,0.0,0.0,0.0,0.0,0.0,3000.0,0.0,0.0,3000.0
1388,0.0,0.0,0.0,0.0,0.0,0.0,3000.0,0.0,0.0,3000.0
1389,0.0,0.0,0.0,0.0,0.0,0.0,3000.0,0.0,0.0,3000.0
1390,0.0,0.0,0.0,0.0,0.0,0.0,3000.0,0.0,0.0,3000.0
1391,0.0,0.0,0.0,0.0,0.0,0.0,0.0,0.0,0.0,0.0
1392,0.0,0.0,0.0,0.0,0.0,0.0,0.0,0.0,0.0,0.0
1393,0.0,0.0,0.0,0.0,0.0,0.0,0.0,0.0,0.0,0.0
1394,0.0,0.0,0.0,0.0,0.0,0.0,0.0,0.0,0.0,0.0
1395,0.0,0.0,0.0,0.0,0.0,0.0,0.0,0.0,0.0,0.0
1396,0.0,0.0,0.0,0.0,0.0,0.0,0.0,0.0,0.0,0.0
1397,0.0,0.0,0.0,0.0,0.0,0.0,750.0,0.0,0.0,750.0
1398,0.0,0.0,0.0,0.0,0.0,0.0,3000.0,0.0,0.0,3000.0
1399,979.665,0.0,0.0,0.0,0.0,0.0,2049.72495,0.0,0.0,3029.3899499999998
1400,3092.78350515464,0.0,0.0,2155.55149484536,0.0,0.0,0.0,0.0,0.0,3092.78350515464
1401,3092.78350515464,0.0,0.0,477.26149484536,0.0,0.0,0.0,0.0,0.0,3092.78350515464
1402,2386.545,0.0,0.0,0.0,0.0,0.0,685.051350000001,0.0,0.0,3071.596350000001
1403,3092.78350515464,0.0,0.0,1633.46149484536,0.0,0.0,0.0,0.0,0.0,3092.78350515464
1404,3092.78350515464,0.0,0.0,649.926494845361,0.0,0.0,0.0,0.0,0.0,3092.78350515464
1405,3092.78350515464,0.0,0.0,690.426494845361,0.0,0.0,0.0,0.0,0.0,3092.78350515464
1406,3092.78350515464,0.0,0.0,2558.55649484536,0.0,0.0,0.0,0.0,0.0,3092.78350515464
1407,2149.35,0.0,0.0,0.0,0.0,0.0,915.1305,0.0,0.0,3064.4804999999997
1408,0.0,0.0,0.0,0.0,0.0,0.0,3000.0,0.0,0.0,3000.0
1409,0.0,0.0,0.0,0.0,0.0,0.0,3000.0,0.0,0.0,3000.0
1410,0.0,0.0,0.0,0.0,0.0,0.0,3000.0,0.0,0.0,3000.0
1411,0.0,0.0,0.0,0.0,0.0,0.0,3000.0,0.0,0.0,3000.0
1412,0.0,0.0,0.0,0.0,0.0,0.0,3000.0,0.0,0.0,3000.0
1413,0.0,0.0,0.0,0.0,0.0,0.0,3000.0,0.0,0.0,3000.0
1414,0.0,0.0,0.0,0.0,0.0,0.0,3000.0,0.0,0.0,3000.0
1415,0.0,0.0,0.0,0.0,0.0,0.0,0.0,0.0,0.0,0.0
1416,0.0,0.0,0.0,0.0,0.0,0.0,0.0,0.0,0.0,0.0
1417,0.0,0.0,0.0,0.0,0.0,0.0,0.0,0.0,0.0,0.0
1418,0.0,0.0,0.0,0.0,0.0,0.0,0.0,0.0,0.0,0.0
1419,0.0,0.0,0.0,0.0,0.0,0.0,0.0,0.0,0.0,0.0
1420,0.0,0.0,0.0,0.0,0.0,0.0,0.0,0.0,0.0,0.0
1421,0.0,0.0,0.0,0.0,0.0,0.0,750.0,0.0,0.0,750.0
1422,0.0,0.0,0.0,0.0,0.0,0.0,3000.0,0.0,0.0,3000.0
1423,2206.05,0.0,0.0,0.0,0.0,0.0,860.1315,0.0,0.0,3066.1815
1424,3092.78350515464,0.0,0.0,2238.74149484536,0.0,0.0,0.0,0.0,0.0,3092.78350515464
1425,3092.78350515464,0.0,0.0,2597.76649484536,0.0,0.0,0.0,0.0,0.0,3092.78350515464
1426,3092.78350515464,0.0,0.0,972.276494845361,0.0,0.0,0.0,0.0,0.0,3092.78350515464
1427,835.908,0.0,0.0,0.0,0.0,0.0,2189.16924,0.0,0.0,3025.07724
1428,862.8585,0.0,0.0,0.0,0.0,0.0,2163.027255,0.0,0.0,3025.8857550000002
1429,634.983,0.0,0.0,0.0,0.0,0.0,2384.06649,0.0,0.0,3019.0494900000003
1430,249.4875,0.0,0.0,0.0,0.0,0.0,2757.997125,0.0,0.0,3007.484625
1431,249.3345,0.0,0.0,0.0,0.0,0.0,2758.145535,0.0,0.0,3007.480035
1432,0.0,0.0,0.0,0.0,0.0,0.0,3000.0,0.0,0.0,3000.0
1433,0.0,0.0,0.0,0.0,0.0,0.0,3000.0,0.0,0.0,3000.0
1434,0.0,0.0,0.0,0.0,0.0,0.0,3000.0,0.0,0.0,3000.0
1435,0.0,0.0,0.0,0.0,0.0,0.0,3000.0,0.0,0.0,3000.0
1436,0.0,0.0,0.0,0.0,0.0,0.0,3000.0,0.0,0.0,3000.0
1437,0.0,0.0,0.0,0.0,0.0,0.0,3000.0,0.0,0.0,3000.0
1438,0.0,0.0,0.0,0.0,0.0,0.0,3000.0,0.0,0.0,3000.0
1439,0.0,0.0,0.0,0.0,0.0,0.0,0.0,0.0,0.0,0.0
1440,0.0,0.0,0.0,0.0,0.0,0.0,0.0,0.0,0.0,0.0
1441,0.0,0.0,0.0,0.0,0.0,0.0,0.0,0.0,0.0,0.0
1442,0.0,0.0,0.0,0.0,0.0,0.0,0.0,0.0,0.0,0.0
1443,0.0,0.0,0.0,0.0,0.0,0.0,0.0,0.0,0.0,0.0
1444,0.0,0.0,0.0,0.0,0.0,0.0,0.0,0.0,0.0,0.0
1445,0.0,0.0,0.0,0.0,0.0,0.0,750.0,0.0,0.0,750.0
1446,0.0,0.0,0.0,0.0,0.0,0.0,3000.0,0.0,0.0,3000.0
1447,390.8175,0.0,0.0,0.0,0.0,0.0,2620.907025,0.0,0.0,3011.724525
1448,3092.78350515464,0.0,0.0,651.26149484536,0.0,0.0,0.0,0.0,0.0,3092.78350515464
1449,3092.78350515464,0.0,0.0,177.486494845361,0.0,0.0,0.0,0.0,0.0,3092.78350515464
1450,698.8845,0.0,0.0,0.0,0.0,0.0,2322.082035,0.0,0.0,3020.966535
1451,865.563,0.0,0.0,0.0,0.0,0.0,2160.40389,0.0,0.0,3025.96689
1452,1122.462,0.0,0.0,0.0,0.0,0.0,1911.21186,0.0,0.0,3033.67386
1453,303.2295,0.0,0.0,0.0,0.0,0.0,2705.867385,0.0,0.0,3009.096885
1454,175.7025,0.0,0.0,0.0,0.0,0.0,2829.568575,0.0,0.0,3005.2710749999997
1455,338.1,0.0,0.0,0.0,0.0,0.0,2672.043,0.0,0.0,3010.143
1456,0.0,0.0,0.0,0.0,0.0,0.0,3000.0,0.0,0.0,3000.0
1457,0.0,0.0,0.0,0.0,0.0,0.0,3000.0,0.0,0.0,3000.0
1458,0.0,0.0,0.0,0.0,0.0,0.0,3000.0,0.0,0.0,3000.0
1459,0.0,0.0,0.0,0.0,0.0,0.0,3000.0,0.0,0.0,3000.0
1460,0.0,0.0,0.0,0.0,0.0,0.0,3000.0,0.0,0.0,3000.0
1461,0.0,0.0,0.0,0.0,0.0,0.0,3000.0,0.0,0.0,3000.0
1462,0.0,0.0,0.0,0.0,0.0,0.0,3000.0,0.0,0.0,3000.0
1463,0.0,0.0,0.0,0.0,0.0,0.0,0.0,0.0,0.0,0.0
1464,0.0,0.0,0.0,0.0,0.0,0.0,0.0,0.0,0.0,0.0
1465,0.0,0.0,0.0,0.0,0.0,0.0,0.0,0.0,0.0,0.0
1466,0.0,0.0,0.0,0.0,0.0,0.0,0.0,0.0,0.0,0.0
1467,0.0,0.0,0.0,0.0,0.0,0.0,0.0,0.0,0.0,0.0
1468,0.0,0.0,0.0,0.0,0.0,0.0,0.0,0.0,0.0,0.0
1469,0.0,0.0,0.0,0.0,0.0,0.0,750.0,0.0,0.0,750.0
1470,0.0,0.0,0.0,0.0,0.0,0.0,3000.0,0.0,0.0,3000.0
1471,204.4455,0.0,0.0,0.0,0.0,0.0,2801.687865,0.0,0.0,3006.1333649999997
1472,1244.2695,0.0,0.0,0.0,0.0,0.0,1793.058585,0.0,0.0,3037.328085
1473,1535.895,0.0,0.0,0.0,0.0,0.0,1510.18185,0.0,0.0,3046.07685
1474,1110.942,0.0,0.0,0.0,0.0,0.0,1922.38626,0.0,0.0,3033.3282600000002
1475,1386.4095,0.0,0.0,0.0,0.0,0.0,1655.182785,0.0,0.0,3041.5922849999997
1476,1348.056,0.0,0.0,0.0,0.0,0.0,1692.38568,0.0,0.0,3040.44168
1477,950.13,0.0,0.0,0.0,0.0,0.0,2078.3739,0.0,0.0,3028.5039
1478,383.3115,0.0,0.0,0.0,0.0,0.0,2628.187845,0.0,0.0,3011.499345
1479,123.41565,0.0,0.0,0.0,0.0,0.0,2880.2868195,0.0,0.0,3003.7024695
1480,0.0,0.0,0.0,0.0,0.0,0.0,3000.0,0.0,0.0,3000.0
1481,0.0,0.0,0.0,0.0,0.0,0.0,3000.0,0.0,0.0,3000.0
1482,0.0,0.0,0.0,0.0,0.0,0.0,3000.0,0.0,0.0,3000.0
1483,0.0,0.0,0.0,0.0,0.0,0.0,3000.0,0.0,0.0,3000.0
1484,0.0,0.0,0.0,0.0,0.0,0.0,3000.0,0.0,0.0,3000.0
1485,0.0,0.0,0.0,0.0,0.0,0.0,3000.0,0.0,0.0,3000.0
1486,0.0,0.0,0.0,0.0,0.0,0.0,3000.0,0.0,0.0,3000.0
1487,0.0,0.0,0.0,0.0,0.0,0.0,0.0,0.0,0.0,0.0
1488,0.0,0.0,0.0,0.0,0.0,0.0,0.0,0.0,0.0,0.0
1489,0.0,0.0,0.0,0.0,0.0,0.0,0.0,0.0,0.0,0.0
1490,0.0,0.0,0.0,0.0,0.0,0.0,0.0,0.0,0.0,0.0
1491,0.0,0.0,0.0,0.0,0.0,0.0,0.0,0.0,0.0,0.0
1492,0.0,0.0,0.0,0.0,0.0,0.0,0.0,0.0,0.0,0.0
1493,0.0,0.0,0.0,0.0,0.0,0.0,750.0,0.0,0.0,750.0
1494,0.0,0.0,0.0,0.0,0.0,0.0,3000.0,0.0,0.0,3000.0
1495,256.977,0.0,0.0,0.0,0.0,0.0,2750.73231,0.0,0.0,3007.7093099999997
1496,1549.08,0.0,0.0,0.0,0.0,0.0,1497.3924,0.0,0.0,3046.4723999999997
1497,3092.78350515464,0.0,0.0,356.976494845361,0.0,0.0,0.0,0.0,0.0,3092.78350515464
1498,3092.78350515464,0.0,0.0,482.96149484536,0.0,0.0,0.0,0.0,0.0,3092.78350515464
1499,3092.78350515464,0.0,0.0,1172.55649484536,0.0,0.0,0.0,0.0,0.0,3092.78350515464
1500,3092.78350515464,0.0,0.0,114.486494845361,0.0,0.0,0.0,0.0,0.0,3092.78350515464
1501,2936.61,0.0,0.0,0.0,0.0,0.0,151.4883,0.0,0.0,3088.0983
1502,499.914,0.0,0.0,0.0,0.0,0.0,2515.08342,0.0,0.0,3014.9974199999997
1503,92.77605,0.0,0.0,0.0,0.0,0.0,2910.0072315,0.0,0.0,3002.7832815
1504,0.0,0.0,0.0,0.0,0.0,0.0,3000.0,0.0,0.0,3000.0
1505,0.0,0.0,0.0,0.0,0.0,0.0,3000.0,0.0,0.0,3000.0
1506,0.0,0.0,0.0,0.0,0.0,0.0,3000.0,0.0,0.0,3000.0
1507,0.0,0.0,0.0,0.0,0.0,0.0,3000.0,0.0,0.0,3000.0
1508,0.0,0.0,0.0,0.0,0.0,0.0,3000.0,0.0,0.0,3000.0
1509,0.0,0.0,0.0,0.0,0.0,0.0,3000.0,0.0,0.0,3000.0
1510,0.0,0.0,0.0,0.0,0.0,0.0,3000.0,0.0,0.0,3000.0
1511,0.0,0.0,0.0,0.0,0.0,0.0,0.0,0.0,0.0,0.0
1512,0.0,0.0,0.0,0.0,0.0,0.0,0.0,0.0,0.0,0.0
1513,0.0,0.0,0.0,0.0,0.0,0.0,0.0,0.0,0.0,0.0
1514,0.0,0.0,0.0,0.0,0.0,0.0,0.0,0.0,0.0,0.0
1515,0.0,0.0,0.0,0.0,0.0,0.0,0.0,0.0,0.0,0.0
1516,0.0,0.0,0.0,0.0,0.0,0.0,0.0,0.0,0.0,0.0
1517,0.0,0.0,0.0,0.0,0.0,0.0,750.0,0.0,0.0,750.0
1518,0.0,0.0,0.0,0.0,0.0,0.0,3000.0,0.0,0.0,3000.0
1519,286.137,0.0,0.0,0.0,0.0,0.0,2722.44711,0.0,0.0,3008.5841100000002
1520,3092.78350515464,0.0,0.0,1538.99149484536,0.0,0.0,0.0,0.0,0.0,3092.78350515464
1521,3092.78350515464,0.0,0.0,2305.04149484536,0.0,0.0,0.0,0.0,0.0,3092.78350515464
1522,3092.78350515464,0.0,0.0,1192.08649484536,0.0,0.0,0.0,0.0,0.0,3092.78350515464
1523,3092.78350515464,0.0,0.0,2110.22149484536,0.0,0.0,0.0,0.0,0.0,3092.78350515464
1524,3060.18,0.0,0.0,0.0,0.0,0.0,31.6254000000004,0.0,0.0,3091.8054
1525,2076.465,0.0,0.0,0.0,0.0,0.0,985.82895,0.0,0.0,3062.29395
1526,3092.78350515464,0.0,0.0,1776.72649484536,0.0,0.0,0.0,0.0,0.0,3092.78350515464
1527,2993.625,0.0,0.0,0.0,0.0,0.0,96.1837500000001,0.0,0.0,3089.80875
1528,0.0,0.0,0.0,0.0,0.0,0.0,3000.0,0.0,0.0,3000.0
1529,0.0,0.0,0.0,0.0,0.0,0.0,3000.0,0.0,0.0,3000.0
1530,0.0,0.0,0.0,0.0,0.0,0.0,3000.0,0.0,0.0,3000.0
1531,0.0,0.0,0.0,0.0,0.0,0.0,3000.0,0.0,0.0,3000.0
1532,0.0,0.0,0.0,0.0,0.0,0.0,3000.0,0.0,0.0,3000.0
1533,0.0,0.0,0.0,0.0,0.0,0.0,3000.0,0.0,0.0,3000.0
1534,0.0,0.0,0.0,0.0,0.0,0.0,3000.0,0.0,0.0,3000.0
1535,0.0,0.0,0.0,0.0,0.0,0.0,0.0,0.0,0.0,0.0
1536,0.0,0.0,0.0,0.0,0.0,0.0,0.0,0.0,0.0,0.0
1537,0.0,0.0,0.0,0.0,0.0,0.0,0.0,0.0,0.0,0.0
1538,0.0,0.0,0.0,0.0,0.0,0.0,0.0,0.0,0.0,0.0
1539,0.0,0.0,0.0,0.0,0.0,0.0,0.0,0.0,0.0,0.0
1540,0.0,0.0,0.0,0.0,0.0,0.0,0.0,0.0,0.0,0.0
1541,0.0,0.0,0.0,0.0,0.0,0.0,750.0,0.0,0.0,750.0
1542,0.0,0.0,0.0,0.0,0.0,0.0,3000.0,0.0,0.0,3000.0
1543,3092.78350515464,0.0,0.0,582.576494845361,0.0,0.0,0.0,0.0,0.0,3092.78350515464
1544,251.0625,0.0,0.0,0.0,0.0,0.0,2756.469375,0.0,0.0,3007.531875
1545,1095.8475,0.0,0.0,0.0,0.0,0.0,1937.027925,0.0,0.0,3032.875425
1546,1390.641,0.0,0.0,0.0,0.0,0.0,1651.07823,0.0,0.0,3041.71923
1547,863.73,0.0,0.0,0.0,0.0,0.0,2162.1819,0.0,0.0,3025.9119
1548,718.905,0.0,0.0,0.0,0.0,0.0,2302.66215,0.0,0.0,3021.56715
1549,1175.5455,0.0,0.0,0.0,0.0,0.0,1859.720865,0.0,0.0,3035.266365
1550,211.0005,0.0,0.0,0.0,0.0,0.0,2795.329515,0.0,0.0,3006.330015
1551,146.1495,0.0,0.0,0.0,0.0,0.0,2858.234985,0.0,0.0,3004.384485
1552,0.0,0.0,0.0,0.0,0.0,0.0,3000.0,0.0,0.0,3000.0
1553,0.0,0.0,0.0,0.0,0.0,0.0,3000.0,0.0,0.0,3000.0
1554,0.0,0.0,0.0,0.0,0.0,0.0,3000.0,0.0,0.0,3000.0
1555,0.0,0.0,0.0,0.0,0.0,0.0,3000.0,0.0,0.0,3000.0
1556,0.0,0.0,0.0,0.0,0.0,0.0,3000.0,0.0,0.0,3000.0
1557,0.0,0.0,0.0,0.0,0.0,0.0,3000.0,0.0,0.0,3000.0
1558,0.0,0.0,0.0,0.0,0.0,0.0,3000.0,0.0,0.0,3000.0
1559,0.0,0.0,0.0,0.0,0.0,0.0,0.0,0.0,0.0,0.0
1560,0.0,0.0,0.0,0.0,0.0,0.0,0.0,0.0,0.0,0.0
1561,0.0,0.0,0.0,0.0,0.0,0.0,0.0,0.0,0.0,0.0
1562,0.0,0.0,0.0,0.0,0.0,0.0,0.0,0.0,0.0,0.0
1563,0.0,0.0,0.0,0.0,0.0,0.0,0.0,0.0,0.0,0.0
1564,0.0,0.0,0.0,0.0,0.0,0.0,0.0,0.0,0.0,0.0
1565,0.0,0.0,0.0,0.0,0.0,0.0,750.0,0.0,0.0,750.0
1566,0.0,0.0,0.0,0.0,0.0,0.0,3000.0,0.0,0.0,3000.0
1567,0.0,0.0,0.0,0.0,0.0,0.0,3000.0,0.0,0.0,3000.0
1568,1860.165,0.0,0.0,0.0,0.0,0.0,1195.63995,0.0,0.0,3055.8049499999997
1569,1876.845,0.0,0.0,0.0,0.0,0.0,1179.46035,0.0,0.0,3056.30535
1570,790.2015,0.0,0.0,0.0,0.0,0.0,2233.504545,0.0,0.0,3023.706045
1571,861.0915,0.0,0.0,0.0,0.0,0.0,2164.741245,0.0,0.0,3025.832745
1572,527.946,0.0,0.0,0.0,0.0,0.0,2487.89238,0.0,0.0,3015.8383799999997
1573,762.1605,0.0,0.0,0.0,0.0,0.0,2260.704315,0.0,0.0,3022.864815
1574,475.248,0.0,0.0,0.0,0.0,0.0,2539.00944,0.0,0.0,3014.25744
1575,533.9355,0.0,0.0,0.0,0.0,0.0,2482.082565,0.0,0.0,3016.018065
1576,0.0,0.0,0.0,0.0,0.0,0.0,3000.0,0.0,0.0,3000.0
1577,0.0,0.0,0.0,0.0,0.0,0.0,3000.0,0.0,0.0,3000.0
1578,0.0,0.0,0.0,0.0,0.0,0.0,3000.0,0.0,0.0,3000.0
1579,0.0,0.0,0.0,0.0,0.0,0.0,3000.0,0.0,0.0,3000.0
1580,0.0,0.0,0.0,0.0,0.0,0.0,3000.0,0.0,0.0,3000.0
1581,0.0,0.0,0.0,0.0,0.0,0.0,3000.0,0.0,0.0,3000.0
1582,0.0,0.0,0.0,0.0,0.0,0.0,3000.0,0.0,0.0,3000.0
1583,0.0,0.0,0.0,0.0,0.0,0.0,0.0,0.0,0.0,0.0
1584,0.0,0.0,0.0,0.0,0.0,0.0,0.0,0.0,0.0,0.0
1585,0.0,0.0,0.0,0.0,0.0,0.0,0.0,0.0,0.0,0.0
1586,0.0,0.0,0.0,0.0,0.0,0.0,0.0,0.0,0.0,0.0
1587,0.0,0.0,0.0,0.0,0.0,0.0,0.0,0.0,0.0,0.0
1588,0.0,0.0,0.0,0.0,0.0,0.0,0.0,0.0,0.0,0.0
1589,0.0,0.0,0.0,0.0,0.0,0.0,750.0,0.0,0.0,750.0
1590,0.0,0.0,0.0,0.0,0.0,0.0,3000.0,0.0,0.0,3000.0
1591,3092.78350515464,0.0,0.0,623.93149484536,0.0,0.0,0.0,0.0,0.0,3092.78350515464
1592,2584.8,0.0,0.0,0.0,0.0,0.0,492.744,0.0,0.0,3077.5440000000003
1593,1788.03,0.0,0.0,0.0,0.0,0.0,1265.6109,0.0,0.0,3053.6409
1594,1640.19,0.0,0.0,0.0,0.0,0.0,1409.0157,0.0,0.0,3049.2057
1595,1657.29,0.0,0.0,0.0,0.0,0.0,1392.4287,0.0,0.0,3049.7187
1596,1369.2435,0.0,0.0,0.0,0.0,0.0,1671.833805,0.0,0.0,3041.077305
1597,2135.265,0.0,0.0,0.0,0.0,0.0,928.79295,0.0,0.0,3064.05795
1598,1080.486,0.0,0.0,0.0,0.0,0.0,1951.92858,0.0,0.0,3032.41458
1599,270.6855,0.0,0.0,0.0,0.0,0.0,2737.435065,0.0,0.0,3008.120565
1600,9.08319,0.0,0.0,0.0,0.0,0.0,2991.1893057,0.0,0.0,3000.2724957
1601,0.0,0.0,0.0,0.0,0.0,0.0,3000.0,0.0,0.0,3000.0
1602,0.0,0.0,0.0,0.0,0.0,0.0,3000.0,0.0,0.0,3000.0
1603,0.0,0.0,0.0,0.0,0.0,0.0,3000.0,0.0,0.0,3000.0
1604,0.0,0.0,0.0,0.0,0.0,0.0,3000.0,0.0,0.0,3000.0
1605,0.0,0.0,0.0,0.0,0.0,0.0,3000.0,0.0,0.0,3000.0
1606,0.0,0.0,0.0,0.0,0.0,0.0,3000.0,0.0,0.0,3000.0
1607,0.0,0.0,0.0,0.0,0.0,0.0,0.0,0.0,0.0,0.0
1608,0.0,0.0,0.0,0.0,0.0,0.0,0.0,0.0,0.0,0.0
1609,0.0,0.0,0.0,0.0,0.0,0.0,0.0,0.0,0.0,0.0
1610,0.0,0.0,0.0,0.0,0.0,0.0,0.0,0.0,0.0,0.0
1611,0.0,0.0,0.0,0.0,0.0,0.0,0.0,0.0,0.0,0.0
1612,0.0,0.0,0.0,0.0,0.0,0.0,0.0,0.0,0.0,0.0
1613,0.0,0.0,0.0,0.0,0.0,0.0,750.0,0.0,0.0,750.0
1614,0.0,0.0,0.0,0.0,0.0,0.0,3000.0,0.0,0.0,3000.0
1615,730.704,0.0,0.0,0.0,0.0,0.0,2291.21712,0.0,0.0,3021.92112
1616,1679.475,0.0,0.0,0.0,0.0,0.0,1370.90925,0.0,0.0,3050.38425
1617,3092.78350515464,0.0,0.0,642.426494845361,0.0,0.0,0.0,0.0,0.0,3092.78350515464
1618,2689.11,0.0,0.0,0.0,0.0,0.0,391.5633,0.0,0.0,3080.6733000000004
1619,1979.985,0.0,0.0,0.0,0.0,0.0,1079.41455,0.0,0.0,3059.39955
1620,451.5555,0.0,0.0,0.0,0.0,0.0,2561.991165,0.0,0.0,3013.546665
1621,771.4995,0.0,0.0,0.0,0.0,0.0,2251.645485,0.0,0.0,3023.144985
1622,598.26,0.0,0.0,0.0,0.0,0.0,2419.6878,0.0,0.0,3017.9478
1623,249.8445,0.0,0.0,0.0,0.0,0.0,2757.650835,0.0,0.0,3007.495335
1624,0.0,0.0,0.0,0.0,0.0,0.0,3000.0,0.0,0.0,3000.0
1625,0.0,0.0,0.0,0.0,0.0,0.0,3000.0,0.0,0.0,3000.0
1626,0.0,0.0,0.0,0.0,0.0,0.0,3000.0,0.0,0.0,3000.0
1627,0.0,0.0,0.0,0.0,0.0,0.0,3000.0,0.0,0.0,3000.0
1628,0.0,0.0,0.0,0.0,0.0,0.0,3000.0,0.0,0.0,3000.0
1629,0.0,0.0,0.0,0.0,0.0,0.0,3000.0,0.0,0.0,3000.0
1630,0.0,0.0,0.0,0.0,0.0,0.0,3000.0,0.0,0.0,3000.0
1631,0.0,0.0,0.0,0.0,0.0,0.0,0.0,0.0,0.0,0.0
1632,0.0,0.0,0.0,0.0,0.0,0.0,0.0,0.0,0.0,0.0
1633,0.0,0.0,0.0,0.0,0.0,0.0,0.0,0.0,0.0,0.0
1634,0.0,0.0,0.0,0.0,0.0,0.0,0.0,0.0,0.0,0.0
1635,0.0,0.0,0.0,0.0,0.0,0.0,0.0,0.0,0.0,0.0
1636,0.0,0.0,0.0,0.0,0.0,0.0,0.0,0.0,0.0,0.0
1637,0.0,0.0,0.0,0.0,0.0,0.0,750.0,0.0,0.0,750.0
1638,0.0,0.0,0.0,0.0,0.0,0.0,3000.0,0.0,0.0,3000.0
1639,3092.78350515464,0.0,0.0,1286.91649484536,0.0,0.0,0.0,0.0,0.0,3092.78350515464
1640,3092.78350515464,0.0,1979.75628865979,3711.34020618557,0.0,0.0,0.0,0.0,0.0,3092.78350515464
1641,3092.78350515464,0.0,2597.65128865979,3711.34020618557,0.0,0.0,0.0,0.0,0.0,3092.78350515464
1642,3092.78350515464,0.0,1622.05128865979,3711.34020618557,0.0,0.0,0.0,0.0,0.0,3092.78350515464
1643,3092.78350515464,0.0,232.946288659794,3711.34020618557,0.0,0.0,0.0,0.0,0.0,3092.78350515464
1644,3092.78350515464,0.0,0.0,2696.28649484536,0.0,0.0,0.0,0.0,0.0,3092.78350515464
1645,3092.78350515464,0.0,0.0,3094.67149484536,0.0,0.0,0.0,0.0,0.0,3092.78350515464
1646,3092.78350515464,0.0,0.0,3600.12649484536,0.0,0.0,0.0,0.0,0.0,3092.78350515464
1647,3092.78350515464,0.0,0.0,2375.42149484536,0.0,0.0,0.0,0.0,0.0,3092.78350515464
1648,1228.761,0.0,0.0,0.0,0.0,0.0,1808.10183,0.0,0.0,3036.86283
1649,0.0,0.0,0.0,0.0,0.0,0.0,3000.0,0.0,0.0,3000.0
1650,0.0,0.0,0.0,0.0,0.0,0.0,3000.0,0.0,0.0,3000.0
1651,0.0,0.0,0.0,0.0,0.0,0.0,3000.0,0.0,0.0,3000.0
1652,0.0,0.0,0.0,0.0,0.0,0.0,3000.0,0.0,0.0,3000.0
1653,0.0,0.0,0.0,0.0,0.0,0.0,3000.0,0.0,0.0,3000.0
1654,0.0,0.0,0.0,0.0,0.0,0.0,3000.0,0.0,0.0,3000.0
1655,0.0,0.0,0.0,0.0,0.0,0.0,0.0,0.0,0.0,0.0
1656,0.0,0.0,0.0,0.0,0.0,0.0,0.0,0.0,0.0,0.0
1657,0.0,0.0,0.0,0.0,0.0,0.0,0.0,0.0,0.0,0.0
1658,0.0,0.0,0.0,0.0,0.0,0.0,0.0,0.0,0.0,0.0
1659,0.0,0.0,0.0,0.0,0.0,0.0,0.0,0.0,0.0,0.0
1660,0.0,0.0,0.0,0.0,0.0,0.0,0.0,0.0,0.0,0.0
1661,0.0,0.0,0.0,0.0,0.0,0.0,750.0,0.0,0.0,750.0
1662,0.0,0.0,0.0,0.0,0.0,0.0,3000.0,0.0,0.0,3000.0
1663,3092.78350515464,0.0,0.0,2211.02149484536,0.0,0.0,0.0,0.0,0.0,3092.78350515464
1664,3092.78350515464,0.0,0.0,2858.10649484536,0.0,0.0,0.0,0.0,0.0,3092.78350515464
1665,3092.78350515464,0.0,0.0,1293.78649484536,0.0,0.0,0.0,0.0,0.0,3092.78350515464
1666,3092.78350515464,0.0,637.031288659792,3711.34020618557,0.0,0.0,0.0,0.0,0.0,3092.78350515464
1667,3092.78350515464,0.0,0.0,3633.98149484536,0.0,0.0,0.0,0.0,0.0,3092.78350515464
1668,3092.78350515464,0.0,0.0,2402.45149484536,0.0,0.0,0.0,0.0,0.0,3092.78350515464
1669,3092.78350515464,0.0,0.0,2596.49149484536,0.0,0.0,0.0,0.0,0.0,3092.78350515464
1670,3092.78350515464,0.0,0.0,3383.45149484536,0.0,0.0,0.0,0.0,0.0,3092.78350515464
1671,2107.785,0.0,0.0,0.0,0.0,0.0,955.44855,0.0,0.0,3063.23355
1672,1432.209,0.0,0.0,0.0,0.0,0.0,1610.75727,0.0,0.0,3042.96627
1673,0.0,0.0,0.0,0.0,0.0,0.0,3000.0,0.0,0.0,3000.0
1674,0.0,0.0,0.0,0.0,0.0,0.0,3000.0,0.0,0.0,3000.0
1675,0.0,0.0,0.0,0.0,0.0,0.0,3000.0,0.0,0.0,3000.0
1676,0.0,0.0,0.0,0.0,0.0,0.0,3000.0,0.0,0.0,3000.0
1677,0.0,0.0,0.0,0.0,0.0,0.0,3000.0,0.0,0.0,3000.0
1678,0.0,0.0,0.0,0.0,0.0,0.0,3000.0,0.0,0.0,3000.0
1679,0.0,0.0,0.0,0.0,0.0,0.0,0.0,0.0,0.0,0.0
1680,0.0,0.0,0.0,0.0,0.0,0.0,0.0,0.0,0.0,0.0
1681,0.0,0.0,0.0,0.0,0.0,0.0,0.0,0.0,0.0,0.0
1682,0.0,0.0,0.0,0.0,0.0,0.0,0.0,0.0,0.0,0.0
1683,0.0,0.0,0.0,0.0,0.0,0.0,0.0,0.0,0.0,0.0
1684,0.0,0.0,0.0,0.0,0.0,0.0,0.0,0.0,0.0,0.0
1685,0.0,0.0,0.0,0.0,0.0,0.0,750.0,0.0,0.0,750.0
1686,0.0,0.0,0.0,0.0,0.0,0.0,3000.0,0.0,0.0,3000.0
1687,3092.78350515464,0.0,0.0,2186.60149484536,0.0,0.0,0.0,0.0,0.0,3092.78350515464
1688,3092.78350515464,0.0,1865.66628865979,3711.34020618557,0.0,0.0,0.0,0.0,0.0,3092.78350515464
1689,3092.78350515464,0.0,2856.58128865979,3711.34020618557,0.0,0.0,0.0,0.0,0.0,3092.78350515464
1690,3092.78350515464,0.0,0.0,2732.28649484536,0.0,0.0,0.0,0.0,0.0,3092.78350515464
1691,3092.78350515464,0.0,161.561288659794,3711.34020618557,0.0,0.0,0.0,0.0,0.0,3092.78350515464
1692,3092.78350515464,0.0,0.0,1878.17149484536,0.0,0.0,0.0,0.0,0.0,3092.78350515464
1693,3092.78350515464,0.0,0.0,3076.62649484536,0.0,0.0,0.0,0.0,0.0,3092.78350515464
1694,3092.78350515464,0.0,0.0,908.81149484536,0.0,0.0,0.0,0.0,0.0,3092.78350515464
1695,887.277,0.0,0.0,0.0,0.0,0.0,2139.34131,0.0,0.0,3026.61831
1696,776.889,0.0,0.0,0.0,0.0,0.0,2246.41767,0.0,0.0,3023.30667
1697,0.0,0.0,0.0,0.0,0.0,0.0,3000.0,0.0,0.0,3000.0
1698,0.0,0.0,0.0,0.0,0.0,0.0,3000.0,0.0,0.0,3000.0
1699,0.0,0.0,0.0,0.0,0.0,0.0,3000.0,0.0,0.0,3000.0
1700,0.0,0.0,0.0,0.0,0.0,0.0,3000.0,0.0,0.0,3000.0
1701,0.0,0.0,0.0,0.0,0.0,0.0,3000.0,0.0,0.0,3000.0
1702,0.0,0.0,0.0,0.0,0.0,0.0,3000.0,0.0,0.0,3000.0
1703,0.0,0.0,0.0,0.0,0.0,0.0,0.0,0.0,0.0,0.0
1704,0.0,0.0,0.0,0.0,0.0,0.0,0.0,0.0,0.0,0.0
1705,0.0,0.0,0.0,0.0,0.0,0.0,0.0,0.0,0.0,0.0
1706,0.0,0.0,0.0,0.0,0.0,0.0,0.0,0.0,0.0,0.0
1707,0.0,0.0,0.0,0.0,0.0,0.0,0.0,0.0,0.0,0.0
1708,0.0,0.0,0.0,0.0,0.0,0.0,0.0,0.0,0.0,0.0
1709,0.0,0.0,0.0,0.0,0.0,0.0,750.0,0.0,0.0,750.0
1710,0.0,0.0,0.0,0.0,0.0,0.0,3000.0,0.0,0.0,3000.0
1711,262.38,0.0,0.0,0.0,0.0,0.0,2745.4914,0.0,0.0,3007.8714
1712,1175.436,0.0,0.0,0.0,0.0,0.0,1859.82708,0.0,0.0,3035.2630799999997
1713,3092.78350515464,0.0,0.0,897.096494845361,0.0,0.0,0.0,0.0,0.0,3092.78350515464
1714,3092.78350515464,0.0,476.456288659792,3711.34020618557,0.0,0.0,0.0,0.0,0.0,3092.78350515464
1715,2708.055,0.0,0.0,0.0,0.0,0.0,373.18665,0.0,0.0,3081.24165
1716,3092.78350515464,0.0,0.0,2286.63649484536,0.0,0.0,0.0,0.0,0.0,3092.78350515464
1717,3092.78350515464,0.0,0.0,283.68649484536,0.0,0.0,0.0,0.0,0.0,3092.78350515464
1718,2317.695,0.0,0.0,0.0,0.0,0.0,751.83585,0.0,0.0,3069.53085
1719,182.7405,0.0,0.0,0.0,0.0,0.0,2822.741715,0.0,0.0,3005.482215
1720,98.5551,0.0,0.0,0.0,0.0,0.0,2904.401553,0.0,0.0,3002.956653
1721,0.0,0.0,0.0,0.0,0.0,0.0,3000.0,0.0,0.0,3000.0
1722,0.0,0.0,0.0,0.0,0.0,0.0,3000.0,0.0,0.0,3000.0
1723,0.0,0.0,0.0,0.0,0.0,0.0,3000.0,0.0,0.0,3000.0
1724,0.0,0.0,0.0,0.0,0.0,0.0,3000.0,0.0,0.0,3000.0
1725,0.0,0.0,0.0,0.0,0.0,0.0,3000.0,0.0,0.0,3000.0
1726,0.0,0.0,0.0,0.0,0.0,0.0,3000.0,0.0,0.0,3000.0
1727,0.0,0.0,0.0,0.0,0.0,0.0,0.0,0.0,0.0,0.0
1728,0.0,0.0,0.0,0.0,0.0,0.0,0.0,0.0,0.0,0.0
1729,0.0,0.0,0.0,0.0,0.0,0.0,0.0,0.0,0.0,0.0
1730,0.0,0.0,0.0,0.0,0.0,0.0,0.0,0.0,0.0,0.0
1731,0.0,0.0,0.0,0.0,0.0,0.0,0.0,0.0,0.0,0.0
1732,0.0,0.0,0.0,0.0,0.0,0.0,0.0,0.0,0.0,0.0
1733,0.0,0.0,0.0,0.0,0.0,0.0,750.0,0.0,0.0,750.0
1734,0.0,0.0,0.0,0.0,0.0,0.0,3000.0,0.0,0.0,3000.0
1735,3092.78350515464,0.0,0.0,3100.68649484536,0.0,0.0,0.0,0.0,0.0,3092.78350515464
1736,3092.78350515464,0.0,0.0,2965.02649484536,0.0,0.0,0.0,0.0,0.0,3092.78350515464
1737,3092.78350515464,0.0,0.0,2487.03649484536,0.0,0.0,0.0,0.0,0.0,3092.78350515464
1738,3092.78350515464,0.0,922.391288659793,3711.34020618557,0.0,0.0,0.0,0.0,0.0,3092.78350515464
1739,3092.78350515464,0.0,448.691288659793,3711.34020618557,0.0,0.0,0.0,0.0,0.0,3092.78350515464
1740,3092.78350515464,0.0,0.0,3010.46149484536,0.0,0.0,0.0,0.0,0.0,3092.78350515464
1741,3092.78350515464,0.0,0.0,3452.18149484536,0.0,0.0,0.0,0.0,0.0,3092.78350515464
1742,3092.78350515464,0.0,334.451288659793,3711.34020618557,0.0,0.0,0.0,0.0,0.0,3092.78350515464
1743,3092.78350515464,0.0,0.0,3521.01649484536,0.0,0.0,0.0,0.0,0.0,3092.78350515464
1744,2840.67,0.0,0.0,0.0,0.0,0.0,244.5501,0.0,0.0,3085.2201
1745,0.0,0.0,0.0,0.0,0.0,0.0,3000.0,0.0,0.0,3000.0
1746,0.0,0.0,0.0,0.0,0.0,0.0,3000.0,0.0,0.0,3000.0
1747,0.0,0.0,0.0,0.0,0.0,0.0,3000.0,0.0,0.0,3000.0
1748,0.0,0.0,0.0,0.0,0.0,0.0,3000.0,0.0,0.0,3000.0
1749,0.0,0.0,0.0,0.0,0.0,0.0,3000.0,0.0,0.0,3000.0
1750,0.0,0.0,0.0,0.0,0.0,0.0,3000.0,0.0,0.0,3000.0
1751,0.0,0.0,0.0,0.0,0.0,0.0,0.0,0.0,0.0,0.0
1752,0.0,0.0,0.0,0.0,0.0,0.0,0.0,0.0,0.0,0.0
1753,0.0,0.0,0.0,0.0,0.0,0.0,0.0,0.0,0.0,0.0
1754,0.0,0.0,0.0,0.0,0.0,0.0,0.0,0.0,0.0,0.0
1755,0.0,0.0,0.0,0.0,0.0,0.0,0.0,0.0,0.0,0.0
1756,0.0,0.0,0.0,0.0,0.0,0.0,0.0,0.0,0.0,0.0
1757,0.0,0.0,0.0,0.0,0.0,0.0,750.0,0.0,0.0,750.0
1758,0.0,0.0,0.0,0.0,0.0,0.0,3000.0,0.0,0.0,3000.0
1759,3092.78350515464,0.0,0.0,3562.01149484536,0.0,0.0,0.0,0.0,0.0,3092.78350515464
1760,3092.78350515464,0.0,2518.46628865979,3711.34020618557,0.0,0.0,0.0,0.0,0.0,3092.78350515464
1761,3092.78350515464,0.0,2865.47628865979,3711.34020618557,0.0,0.0,0.0,0.0,0.0,3092.78350515464
1762,3092.78350515464,0.0,679.631288659793,3711.34020618557,0.0,0.0,0.0,0.0,0.0,3092.78350515464
1763,3092.78350515464,0.0,0.0,2733.65149484536,0.0,0.0,0.0,0.0,0.0,3092.78350515464
1764,3092.78350515464,0.0,0.0,691.701494845361,0.0,0.0,0.0,0.0,0.0,3092.78350515464
1765,3018.84,0.0,0.0,0.0,0.0,0.0,71.7252000000003,0.0,0.0,3090.5652000000005
1766,1713.735,0.0,0.0,0.0,0.0,0.0,1337.67705,0.0,0.0,3051.41205
1767,300.771,0.0,0.0,0.0,0.0,0.0,2708.25213,0.0,0.0,3009.02313
1768,130.6956,0.0,0.0,0.0,0.0,0.0,2873.225268,0.0,0.0,3003.920868
1769,0.0,0.0,0.0,0.0,0.0,0.0,3000.0,0.0,0.0,3000.0
1770,0.0,0.0,0.0,0.0,0.0,0.0,3000.0,0.0,0.0,3000.0
1771,0.0,0.0,0.0,0.0,0.0,0.0,3000.0,0.0,0.0,3000.0
1772,0.0,0.0,0.0,0.0,0.0,0.0,3000.0,0.0,0.0,3000.0
1773,0.0,0.0,0.0,0.0,0.0,0.0,3000.0,0.0,0.0,3000.0
1774,0.0,0.0,0.0,0.0,0.0,0.0,3000.0,0.0,0.0,3000.0
1775,0.0,0.0,0.0,0.0,0.0,0.0,0.0,0.0,0.0,0.0
1776,0.0,0.0,0.0,0.0,0.0,0.0,0.0,0.0,0.0,0.0
1777,0.0,0.0,0.0,0.0,0.0,0.0,0.0,0.0,0.0,0.0
1778,0.0,0.0,0.0,0.0,0.0,0.0,0.0,0.0,0.0,0.0
1779,0.0,0.0,0.0,0.0,0.0,0.0,0.0,0.0,0.0,0.0
1780,0.0,0.0,0.0,0.0,0.0,0.0,0.0,0.0,0.0,0.0
1781,0.0,0.0,0.0,0.0,0.0,0.0,750.0,0.0,0.0,750.0
1782,0.0,0.0,0.0,0.0,0.0,0.0,3000.0,0.0,0.0,3000.0
1783,3092.78350515464,0.0,0.0,2982.08149484536,0.0,0.0,0.0,0.0,0.0,3092.78350515464
1784,3092.78350515464,0.0,0.0,2527.77649484536,0.0,0.0,0.0,0.0,0.0,3092.78350515464
1785,3092.78350515464,0.0,2235.04128865979,3711.34020618557,0.0,0.0,0.0,0.0,0.0,3092.78350515464
1786,3092.78350515464,0.0,0.0,3529.58149484536,0.0,0.0,0.0,0.0,0.0,3092.78350515464
1787,3092.78350515464,0.0,84.8812886597925,3711.34020618557,0.0,0.0,0.0,0.0,0.0,3092.78350515464
1788,3092.78350515464,0.0,0.0,2050.58149484536,0.0,0.0,0.0,0.0,0.0,3092.78350515464
1789,3092.78350515464,0.0,0.0,3452.87149484536,0.0,0.0,0.0,0.0,0.0,3092.78350515464
1790,3092.78350515464,0.0,265.346288659794,3711.34020618557,0.0,0.0,0.0,0.0,0.0,3092.78350515464
1791,3092.78350515464,0.0,0.0,2879.40649484536,0.0,0.0,0.0,0.0,0.0,3092.78350515464
1792,3091.575,0.0,0.0,0.0,0.0,0.0,1.17225000000008,0.0,0.0,3092.74725
1793,0.0,0.0,0.0,0.0,0.0,0.0,3000.0,0.0,0.0,3000.0
1794,0.0,0.0,0.0,0.0,0.0,0.0,3000.0,0.0,0.0,3000.0
1795,0.0,0.0,0.0,0.0,0.0,0.0,3000.0,0.0,0.0,3000.0
1796,0.0,0.0,0.0,0.0,0.0,0.0,3000.0,0.0,0.0,3000.0
1797,0.0,0.0,0.0,0.0,0.0,0.0,3000.0,0.0,0.0,3000.0
1798,0.0,0.0,0.0,0.0,0.0,0.0,3000.0,0.0,0.0,3000.0
1799,0.0,0.0,0.0,0.0,0.0,0.0,0.0,0.0,0.0,0.0
1800,0.0,0.0,0.0,0.0,0.0,0.0,0.0,0.0,0.0,0.0
1801,0.0,0.0,0.0,0.0,0.0,0.0,0.0,0.0,0.0,0.0
1802,0.0,0.0,0.0,0.0,0.0,0.0,0.0,0.0,0.0,0.0
1803,0.0,0.0,0.0,0.0,0.0,0.0,0.0,0.0,0.0,0.0
1804,0.0,0.0,0.0,0.0,0.0,0.0,0.0,0.0,0.0,0.0
1805,0.0,0.0,0.0,0.0,0.0,0.0,750.0,0.0,0.0,750.0
1806,0.0,0.0,0.0,0.0,0.0,0.0,3000.0,0.0,0.0,3000.0
1807,3092.78350515464,0.0,0.0,2008.08649484536,0.0,0.0,0.0,0.0,0.0,3092.78350515464
1808,3092.78350515464,0.0,0.0,2131.59649484536,0.0,0.0,0.0,0.0,0.0,3092.78350515464
1809,3092.78350515464,0.0,2877.83628865979,3711.34020618557,0.0,0.0,0.0,0.0,0.0,3092.78350515464
1810,3092.78350515464,0.0,0.0,3523.04149484536,0.0,0.0,0.0,0.0,0.0,3092.78350515464
1811,3092.78350515464,0.0,0.0,2204.51149484536,0.0,0.0,0.0,0.0,0.0,3092.78350515464
1812,3092.78350515464,0.0,0.0,837.18649484536,0.0,0.0,0.0,0.0,0.0,3092.78350515464
1813,3092.78350515464,0.0,0.0,229.491494845361,0.0,0.0,0.0,0.0,0.0,3092.78350515464
1814,2530.56,0.0,0.0,0.0,0.0,0.0,545.3568,0.0,0.0,3075.9168
1815,943.7325,0.0,0.0,0.0,0.0,0.0,2084.579475,0.0,0.0,3028.311975
1816,9.657375,0.0,0.0,0.0,0.0,0.0,2990.63234625,0.0,0.0,3000.2897212499997
1817,0.0,0.0,0.0,0.0,0.0,0.0,3000.0,0.0,0.0,3000.0
1818,0.0,0.0,0.0,0.0,0.0,0.0,3000.0,0.0,0.0,3000.0
1819,0.0,0.0,0.0,0.0,0.0,0.0,3000.0,0.0,0.0,3000.0
1820,0.0,0.0,0.0,0.0,0.0,0.0,3000.0,0.0,0.0,3000.0
1821,0.0,0.0,0.0,0.0,0.0,0.0,3000.0,0.0,0.0,3000.0
1822,0.0,0.0,0.0,0.0,0.0,0.0,3000.0,0.0,0.0,3000.0
1823,0.0,0.0,0.0,0.0,0.0,0.0,0.0,0.0,0.0,0.0
1824,0.0,0.0,0.0,0.0,0.0,0.0,0.0,0.0,0.0,0.0
1825,0.0,0.0,0.0,0.0,0.0,0.0,0.0,0.0,0.0,0.0
1826,0.0,0.0,0.0,0.0,0.0,0.0,0.0,0.0,0.0,0.0
1827,0.0,0.0,0.0,0.0,0.0,0.0,0.0,0.0,0.0,0.0
1828,0.0,0.0,0.0,0.0,0.0,0.0,0.0,0.0,0.0,0.0
1829,0.0,0.0,0.0,0.0,0.0,0.0,750.0,0.0,0.0,750.0
1830,249.6375,0.0,0.0,0.0,0.0,0.0,2757.851625,0.0,0.0,3007.4891249999996
1831,3092.78350515464,0.0,1308.80628865979,3711.34020618557,0.0,0.0,0.0,0.0,0.0,3092.78350515464
1832,3092.78350515464,0.0,3007.82628865979,3711.34020618557,0.0,0.0,0.0,0.0,0.0,3092.78350515464
1833,3092.78350515464,0.0,3049.12128865979,3711.34020618557,0.0,0.0,0.0,0.0,0.0,3092.78350515464
1834,3092.78350515464,0.0,1945.22628865979,3711.34020618557,0.0,0.0,0.0,0.0,0.0,3092.78350515464
1835,3092.78350515464,0.0,760.121288659793,3711.34020618557,0.0,0.0,0.0,0.0,0.0,3092.78350515464
1836,3092.78350515464,0.0,0.0,3498.06649484536,0.0,0.0,0.0,0.0,0.0,3092.78350515464
1837,3092.78350515464,0.0,344.561288659794,3711.34020618557,0.0,0.0,0.0,0.0,0.0,3092.78350515464
1838,3092.78350515464,0.0,0.0,3035.63149484536,0.0,0.0,0.0,0.0,0.0,3092.78350515464
1839,2316.945,0.0,0.0,0.0,0.0,0.0,752.56335,0.0,0.0,3069.50835
1840,50.0976,0.0,0.0,0.0,0.0,0.0,2951.405328,0.0,0.0,3001.502928
1841,0.0,0.0,0.0,0.0,0.0,0.0,3000.0,0.0,0.0,3000.0
1842,0.0,0.0,0.0,0.0,0.0,0.0,3000.0,0.0,0.0,3000.0
1843,0.0,0.0,0.0,0.0,0.0,0.0,3000.0,0.0,0.0,3000.0
1844,0.0,0.0,0.0,0.0,0.0,0.0,3000.0,0.0,0.0,3000.0
1845,0.0,0.0,0.0,0.0,0.0,0.0,3000.0,0.0,0.0,3000.0
1846,0.0,0.0,0.0,0.0,0.0,0.0,3000.0,0.0,0.0,3000.0
1847,0.0,0.0,0.0,0.0,0.0,0.0,0.0,0.0,0.0,0.0
1848,0.0,0.0,0.0,0.0,0.0,0.0,0.0,0.0,0.0,0.0
1849,0.0,0.0,0.0,0.0,0.0,0.0,0.0,0.0,0.0,0.0
1850,0.0,0.0,0.0,0.0,0.0,0.0,0.0,0.0,0.0,0.0
1851,0.0,0.0,0.0,0.0,0.0,0.0,0.0,0.0,0.0,0.0
1852,0.0,0.0,0.0,0.0,0.0,0.0,0.0,0.0,0.0,0.0
1853,0.0,0.0,0.0,0.0,0.0,0.0,750.0,0.0,0.0,750.0
1854,962.727,0.0,0.0,0.0,0.0,0.0,2066.15481,0.0,0.0,3028.88181
1855,1871.34,0.0,0.0,0.0,0.0,0.0,1184.8002,0.0,0.0,3056.1402
1856,1264.8405,0.0,0.0,0.0,0.0,0.0,1773.104715,0.0,0.0,3037.9452149999997
1857,1801.545,0.0,0.0,0.0,0.0,0.0,1252.50135,0.0,0.0,3054.04635
1858,760.9635,0.0,0.0,0.0,0.0,0.0,2261.865405,0.0,0.0,3022.828905
1859,1049.2425,0.0,0.0,0.0,0.0,0.0,1982.234775,0.0,0.0,3031.477275
1860,1519.83,0.0,0.0,0.0,0.0,0.0,1525.7649,0.0,0.0,3045.5949
1861,2340.615,0.0,0.0,0.0,0.0,0.0,729.60345,0.0,0.0,3070.21845
1862,1207.0305,0.0,0.0,0.0,0.0,0.0,1829.180415,0.0,0.0,3036.210915
1863,1765.155,0.0,0.0,0.0,0.0,0.0,1287.79965,0.0,0.0,3052.9546499999997
1864,1071.1635,0.0,0.0,0.0,0.0,0.0,1960.971405,0.0,0.0,3032.134905
1865,0.0,0.0,0.0,0.0,0.0,0.0,3000.0,0.0,0.0,3000.0
1866,0.0,0.0,0.0,0.0,0.0,0.0,3000.0,0.0,0.0,3000.0
1867,0.0,0.0,0.0,0.0,0.0,0.0,3000.0,0.0,0.0,3000.0
1868,0.0,0.0,0.0,0.0,0.0,0.0,3000.0,0.0,0.0,3000.0
1869,0.0,0.0,0.0,0.0,0.0,0.0,3000.0,0.0,0.0,3000.0
1870,0.0,0.0,0.0,0.0,0.0,0.0,3000.0,0.0,0.0,3000.0
1871,0.0,0.0,0.0,0.0,0.0,0.0,0.0,0.0,0.0,0.0
1872,0.0,0.0,0.0,0.0,0.0,0.0,0.0,0.0,0.0,0.0
1873,0.0,0.0,0.0,0.0,0.0,0.0,0.0,0.0,0.0,0.0
1874,0.0,0.0,0.0,0.0,0.0,0.0,0.0,0.0,0.0,0.0
1875,0.0,0.0,0.0,0.0,0.0,0.0,0.0,0.0,0.0,0.0
1876,0.0,0.0,0.0,0.0,0.0,0.0,0.0,0.0,0.0,0.0
1877,0.0,0.0,0.0,0.0,0.0,0.0,750.0,0.0,0.0,750.0
1878,1354.2885,0.0,0.0,0.0,0.0,0.0,1686.340155,0.0,0.0,3040.6286550000004
1879,3092.78350515464,0.0,162.221288659794,3711.34020618557,0.0,0.0,0.0,0.0,0.0,3092.78350515464
1880,3092.78350515464,0.0,2560.28628865979,3711.34020618557,0.0,0.0,0.0,0.0,0.0,3092.78350515464
1881,3092.78350515464,0.0,2472.83628865979,3711.34020618557,0.0,0.0,0.0,0.0,0.0,3092.78350515464
1882,3092.78350515464,0.0,1609.82628865979,3711.34020618557,0.0,0.0,0.0,0.0,0.0,3092.78350515464
1883,3092.78350515464,0.0,0.0,3653.85649484536,0.0,0.0,0.0,0.0,0.0,3092.78350515464
1884,3092.78350515464,0.0,0.0,2931.83149484536,0.0,0.0,0.0,0.0,0.0,3092.78350515464
1885,3092.78350515464,0.0,0.0,3113.82649484536,0.0,0.0,0.0,0.0,0.0,3092.78350515464
1886,3092.78350515464,0.0,0.0,3631.05649484536,0.0,0.0,0.0,0.0,0.0,3092.78350515464
1887,3092.78350515464,0.0,0.0,1091.61649484536,0.0,0.0,0.0,0.0,0.0,3092.78350515464
1888,3092.78350515464,0.0,0.0,1839.68149484536,0.0,0.0,0.0,0.0,0.0,3092.78350515464
1889,0.0,0.0,0.0,0.0,0.0,0.0,3000.0,0.0,0.0,3000.0
1890,0.0,0.0,0.0,0.0,0.0,0.0,3000.0,0.0,0.0,3000.0
1891,0.0,0.0,0.0,0.0,0.0,0.0,3000.0,0.0,0.0,3000.0
1892,0.0,0.0,0.0,0.0,0.0,0.0,3000.0,0.0,0.0,3000.0
1893,0.0,0.0,0.0,0.0,0.0,0.0,3000.0,0.0,0.0,3000.0
1894,0.0,0.0,0.0,0.0,0.0,0.0,3000.0,0.0,0.0,3000.0
1895,0.0,0.0,0.0,0.0,0.0,0.0,0.0,0.0,0.0,0.0
1896,0.0,0.0,0.0,0.0,0.0,0.0,0.0,0.0,0.0,0.0
1897,0.0,0.0,0.0,0.0,0.0,0.0,0.0,0.0,0.0,0.0
1898,0.0,0.0,0.0,0.0,0.0,0.0,0.0,0.0,0.0,0.0
1899,0.0,0.0,0.0,0.0,0.0,0.0,0.0,0.0,0.0,0.0
1900,0.0,0.0,0.0,0.0,0.0,0.0,0.0,0.0,0.0,0.0
1901,0.0,0.0,0.0,0.0,0.0,0.0,750.0,0.0,0.0,750.0
1902,845.748,0.0,0.0,0.0,0.0,0.0,2179.62444,0.0,0.0,3025.37244
1903,3092.78350515464,0.0,0.0,2022.11149484536,0.0,0.0,0.0,0.0,0.0,3092.78350515464
1904,3092.78350515464,0.0,0.0,2108.25649484536,0.0,0.0,0.0,0.0,0.0,3092.78350515464
1905,3092.78350515464,0.0,0.0,2365.85149484536,0.0,0.0,0.0,0.0,0.0,3092.78350515464
1906,2763.93,0.0,0.0,0.0,0.0,0.0,318.9879,0.0,0.0,3082.9179
1907,3092.78350515464,0.0,0.0,1777.71649484536,0.0,0.0,0.0,0.0,0.0,3092.78350515464
1908,3092.78350515464,0.0,0.0,1383.48649484536,0.0,0.0,0.0,0.0,0.0,3092.78350515464
1909,3092.78350515464,0.0,0.0,1866.24649484536,0.0,0.0,0.0,0.0,0.0,3092.78350515464
1910,3092.78350515464,0.0,0.0,2213.46649484536,0.0,0.0,0.0,0.0,0.0,3092.78350515464
1911,3092.78350515464,0.0,0.0,2778.39649484536,0.0,0.0,0.0,0.0,0.0,3092.78350515464
1912,3092.78350515464,0.0,0.0,1701.71149484536,0.0,0.0,0.0,0.0,0.0,3092.78350515464
1913,0.0,0.0,0.0,0.0,0.0,0.0,3000.0,0.0,0.0,3000.0
1914,0.0,0.0,0.0,0.0,0.0,0.0,3000.0,0.0,0.0,3000.0
1915,0.0,0.0,0.0,0.0,0.0,0.0,3000.0,0.0,0.0,3000.0
1916,0.0,0.0,0.0,0.0,0.0,0.0,3000.0,0.0,0.0,3000.0
1917,0.0,0.0,0.0,0.0,0.0,0.0,3000.0,0.0,0.0,3000.0
1918,0.0,0.0,0.0,0.0,0.0,0.0,3000.0,0.0,0.0,3000.0
1919,0.0,0.0,0.0,0.0,0.0,0.0,0.0,0.0,0.0,0.0
1920,0.0,0.0,0.0,0.0,0.0,0.0,0.0,0.0,0.0,0.0
1921,0.0,0.0,0.0,0.0,0.0,0.0,0.0,0.0,0.0,0.0
1922,0.0,0.0,0.0,0.0,0.0,0.0,0.0,0.0,0.0,0.0
1923,0.0,0.0,0.0,0.0,0.0,0.0,0.0,0.0,0.0,0.0
1924,0.0,0.0,0.0,0.0,0.0,0.0,0.0,0.0,0.0,0.0
1925,0.0,0.0,0.0,0.0,0.0,0.0,750.0,0.0,0.0,750.0
1926,3092.78350515464,0.0,0.0,423.741494845361,0.0,0.0,0.0,0.0,0.0,3092.78350515464
1927,3092.78350515464,0.0,2409.22128865979,3711.34020618557,0.0,0.0,0.0,0.0,0.0,3092.78350515464
1928,3092.78350515464,0.0,3862.13628865979,3711.34020618557,0.0,0.0,0.0,0.0,0.0,3092.78350515464
1929,3092.78350515464,0.0,3921.28128865979,3711.34020618557,0.0,0.0,0.0,0.0,0.0,3092.78350515464
1930,3092.78350515464,0.0,2797.84128865979,3711.34020618557,0.0,0.0,0.0,0.0,0.0,3092.78350515464
1931,3092.78350515464,0.0,1288.18128865979,3711.34020618557,0.0,0.0,0.0,0.0,0.0,3092.78350515464
1932,3092.78350515464,0.0,421.001288659793,3711.34020618557,0.0,0.0,0.0,0.0,0.0,3092.78350515464
1933,3092.78350515464,0.0,862.961288659793,3711.34020618557,0.0,0.0,0.0,0.0,0.0,3092.78350515464
1934,3092.78350515464,0.0,1552.09128865979,3711.34020618557,0.0,0.0,0.0,0.0,0.0,3092.78350515464
1935,3092.78350515464,0.0,1375.03128865979,3711.34020618557,0.0,0.0,0.0,0.0,0.0,3092.78350515464
1936,3092.78350515464,0.0,0.0,2610.57649484536,0.0,0.0,0.0,0.0,0.0,3092.78350515464
1937,0.0,0.0,0.0,0.0,0.0,0.0,3000.0,0.0,0.0,3000.0
1938,0.0,0.0,0.0,0.0,0.0,0.0,3000.0,0.0,0.0,3000.0
1939,0.0,0.0,0.0,0.0,0.0,0.0,3000.0,0.0,0.0,3000.0
1940,0.0,0.0,0.0,0.0,0.0,0.0,3000.0,0.0,0.0,3000.0
1941,0.0,0.0,0.0,0.0,0.0,0.0,3000.0,0.0,0.0,3000.0
1942,0.0,0.0,0.0,0.0,0.0,0.0,3000.0,0.0,0.0,3000.0
1943,0.0,0.0,0.0,0.0,0.0,0.0,0.0,0.0,0.0,0.0
1944,0.0,0.0,0.0,0.0,0.0,0.0,0.0,0.0,0.0,0.0
1945,0.0,0.0,0.0,0.0,0.0,0.0,0.0,0.0,0.0,0.0
1946,0.0,0.0,0.0,0.0,0.0,0.0,0.0,0.0,0.0,0.0
1947,0.0,0.0,0.0,0.0,0.0,0.0,0.0,0.0,0.0,0.0
1948,0.0,0.0,0.0,0.0,0.0,0.0,0.0,0.0,0.0,0.0
1949,0.0,0.0,0.0,0.0,0.0,0.0,750.0,0.0,0.0,750.0
1950,3092.78350515464,0.0,0.0,429.30649484536,0.0,0.0,0.0,0.0,0.0,3092.78350515464
1951,3092.78350515464,0.0,2118.20628865979,3711.34020618557,0.0,0.0,0.0,0.0,0.0,3092.78350515464
1952,3092.78350515464,0.0,3540.80628865979,3711.34020618557,0.0,0.0,0.0,0.0,0.0,3092.78350515464
1953,3092.78350515464,0.0,3358.49628865979,3711.34020618557,0.0,0.0,0.0,0.0,0.0,3092.78350515464
1954,3092.78350515464,0.0,2525.54628865979,3711.34020618557,0.0,0.0,0.0,0.0,0.0,3092.78350515464
1955,3092.78350515464,0.0,1345.31628865979,3711.34020618557,0.0,0.0,0.0,0.0,0.0,3092.78350515464
1956,3092.78350515464,0.0,513.491288659793,3711.34020618557,0.0,0.0,0.0,0.0,0.0,3092.78350515464
1957,3092.78350515464,0.0,891.911288659793,3711.34020618557,0.0,0.0,0.0,0.0,0.0,3092.78350515464
1958,3092.78350515464,0.0,1730.02128865979,3711.34020618557,0.0,0.0,0.0,0.0,0.0,3092.78350515464
1959,1071.2145,0.0,0.0,0.0,0.0,0.0,1960.921935,0.0,0.0,3032.1364350000003
1960,1011.5655,0.0,0.0,0.0,0.0,0.0,2018.781465,0.0,0.0,3030.346965
1961,0.0,0.0,0.0,0.0,0.0,0.0,3000.0,0.0,0.0,3000.0
1962,0.0,0.0,0.0,0.0,0.0,0.0,3000.0,0.0,0.0,3000.0
1963,0.0,0.0,0.0,0.0,0.0,0.0,3000.0,0.0,0.0,3000.0
1964,0.0,0.0,0.0,0.0,0.0,0.0,3000.0,0.0,0.0,3000.0
1965,0.0,0.0,0.0,0.0,0.0,0.0,3000.0,0.0,0.0,3000.0
1966,0.0,0.0,0.0,0.0,0.0,0.0,3000.0,0.0,0.0,3000.0
1967,0.0,0.0,0.0,0.0,0.0,0.0,0.0,0.0,0.0,0.0
1968,0.0,0.0,0.0,0.0,0.0,0.0,0.0,0.0,0.0,0.0
1969,0.0,0.0,0.0,0.0,0.0,0.0,0.0,0.0,0.0,0.0
1970,0.0,0.0,0.0,0.0,0.0,0.0,0.0,0.0,0.0,0.0
1971,0.0,0.0,0.0,0.0,0.0,0.0,0.0,0.0,0.0,0.0
1972,0.0,0.0,0.0,0.0,0.0,0.0,0.0,0.0,0.0,0.0
1973,0.0,0.0,0.0,0.0,0.0,0.0,750.0,0.0,0.0,750.0
1974,120.7479,0.0,0.0,0.0,0.0,0.0,2882.874537,0.0,0.0,3003.622437
1975,1981.605,0.0,0.0,0.0,0.0,0.0,1077.84315,0.0,0.0,3059.44815
1976,2346.3,0.0,0.0,0.0,0.0,0.0,724.089,0.0,0.0,3070.389
1977,3092.78350515464,0.0,3106.30128865979,3711.34020618557,0.0,0.0,0.0,0.0,0.0,3092.78350515464
1978,3092.78350515464,0.0,2766.83628865979,3711.34020618557,0.0,0.0,0.0,0.0,0.0,3092.78350515464
1979,3092.78350515464,0.0,1323.61128865979,3711.34020618557,0.0,0.0,0.0,0.0,0.0,3092.78350515464
1980,3092.78350515464,0.0,0.0,2433.77149484536,0.0,0.0,0.0,0.0,0.0,3092.78350515464
1981,3092.78350515464,0.0,0.0,1358.46649484536,0.0,0.0,0.0,0.0,0.0,3092.78350515464
1982,1024.803,0.0,0.0,0.0,0.0,0.0,2005.94109,0.0,0.0,3030.74409
1983,3092.78350515464,0.0,0.0,1281.57649484536,0.0,0.0,0.0,0.0,0.0,3092.78350515464
1984,3092.78350515464,0.0,0.0,3149.49649484536,0.0,0.0,0.0,0.0,0.0,3092.78350515464
1985,0.0,0.0,0.0,0.0,0.0,0.0,3000.0,0.0,0.0,3000.0
1986,0.0,0.0,0.0,0.0,0.0,0.0,3000.0,0.0,0.0,3000.0
1987,0.0,0.0,0.0,0.0,0.0,0.0,3000.0,0.0,0.0,3000.0
1988,0.0,0.0,0.0,0.0,0.0,0.0,3000.0,0.0,0.0,3000.0
1989,0.0,0.0,0.0,0.0,0.0,0.0,3000.0,0.0,0.0,3000.0
1990,0.0,0.0,0.0,0.0,0.0,0.0,3000.0,0.0,0.0,3000.0
1991,0.0,0.0,0.0,0.0,0.0,0.0,0.0,0.0,0.0,0.0
1992,0.0,0.0,0.0,0.0,0.0,0.0,0.0,0.0,0.0,0.0
1993,0.0,0.0,0.0,0.0,0.0,0.0,0.0,0.0,0.0,0.0
1994,0.0,0.0,0.0,0.0,0.0,0.0,0.0,0.0,0.0,0.0
1995,0.0,0.0,0.0,0.0,0.0,0.0,0.0,0.0,0.0,0.0
1996,0.0,0.0,0.0,0.0,0.0,0.0,0.0,0.0,0.0,0.0
1997,0.0,0.0,0.0,0.0,0.0,0.0,750.0,0.0,0.0,750.0
1998,382.2465,0.0,0.0,0.0,0.0,0.0,2629.220895,0.0,0.0,3011.467395
1999,1949.355,0.0,0.0,0.0,0.0,0.0,1109.12565,0.0,0.0,3058.48065
2000,2804.52,0.0,0.0,0.0,0.0,0.0,279.6156,0.0,0.0,3084.1356
2001,3092.78350515464,0.0,0.0,1356.14149484536,0.0,0.0,0.0,0.0,0.0,3092.78350515464
2002,3092.78350515464,0.0,0.0,3599.24149484536,0.0,0.0,0.0,0.0,0.0,3092.78350515464
2003,3092.78350515464,0.0,526.361288659793,3711.34020618557,0.0,0.0,0.0,0.0,0.0,3092.78350515464
2004,3092.78350515464,0.0,636.221288659794,3711.34020618557,0.0,0.0,0.0,0.0,0.0,3092.78350515464
2005,3092.78350515464,0.0,1008.13128865979,3711.34020618557,0.0,0.0,0.0,0.0,0.0,3092.78350515464
2006,3092.78350515464,0.0,1700.89128865979,3711.34020618557,0.0,0.0,0.0,0.0,0.0,3092.78350515464
2007,3092.78350515464,0.0,1477.78128865979,3711.34020618557,0.0,0.0,0.0,0.0,0.0,3092.78350515464
2008,3092.78350515464,0.0,0.0,3370.07149484536,0.0,0.0,0.0,0.0,0.0,3092.78350515464
2009,0.0,0.0,0.0,0.0,0.0,0.0,3000.0,0.0,0.0,3000.0
2010,0.0,0.0,0.0,0.0,0.0,0.0,3000.0,0.0,0.0,3000.0
2011,0.0,0.0,0.0,0.0,0.0,0.0,3000.0,0.0,0.0,3000.0
2012,0.0,0.0,0.0,0.0,0.0,0.0,3000.0,0.0,0.0,3000.0
2013,0.0,0.0,0.0,0.0,0.0,0.0,3000.0,0.0,0.0,3000.0
2014,0.0,0.0,0.0,0.0,0.0,0.0,3000.0,0.0,0.0,3000.0
2015,0.0,0.0,0.0,0.0,0.0,0.0,0.0,0.0,0.0,0.0
2016,0.0,0.0,0.0,0.0,0.0,0.0,0.0,0.0,0.0,0.0
2017,0.0,0.0,0.0,0.0,0.0,0.0,0.0,0.0,0.0,0.0
2018,0.0,0.0,0.0,0.0,0.0,0.0,0.0,0.0,0.0,0.0
2019,0.0,0.0,0.0,0.0,0.0,0.0,0.0,0.0,0.0,0.0
2020,0.0,0.0,0.0,0.0,0.0,0.0,0.0,0.0,0.0,0.0
2021,0.0,0.0,0.0,0.0,0.0,0.0,750.0,0.0,0.0,750.0
2022,3092.78350515464,0.0,0.0,791.69149484536,0.0,0.0,0.0,0.0,0.0,3092.78350515464
2023,3092.78350515464,0.0,0.0,2301.56149484536,0.0,0.0,0.0,0.0,0.0,3092.78350515464
2024,3092.78350515464,0.0,749.336288659793,3711.34020618557,0.0,0.0,0.0,0.0,0.0,3092.78350515464
2025,3092.78350515464,0.0,2892.02628865979,3711.34020618557,0.0,0.0,0.0,0.0,0.0,3092.78350515464
2026,3092.78350515464,0.0,2602.54128865979,3711.34020618557,0.0,0.0,0.0,0.0,0.0,3092.78350515464
2027,3092.78350515464,0.0,1339.67628865979,3711.34020618557,0.0,0.0,0.0,0.0,0.0,3092.78350515464
2028,3092.78350515464,0.0,644.171288659793,3711.34020618557,0.0,0.0,0.0,0.0,0.0,3092.78350515464
2029,3092.78350515464,0.0,978.776288659793,3711.34020618557,0.0,0.0,0.0,0.0,0.0,3092.78350515464
2030,3092.78350515464,0.0,1816.73628865979,3711.34020618557,0.0,0.0,0.0,0.0,0.0,3092.78350515464
2031,3092.78350515464,0.0,1660.54128865979,3711.34020618557,0.0,0.0,0.0,0.0,0.0,3092.78350515464
2032,3092.78350515464,0.0,0.0,3579.41149484536,0.0,0.0,0.0,0.0,0.0,3092.78350515464
2033,0.0,0.0,0.0,0.0,0.0,0.0,3000.0,0.0,0.0,3000.0
2034,0.0,0.0,0.0,0.0,0.0,0.0,3000.0,0.0,0.0,3000.0
2035,0.0,0.0,0.0,0.0,0.0,0.0,3000.0,0.0,0.0,3000.0
2036,0.0,0.0,0.0,0.0,0.0,0.0,3000.0,0.0,0.0,3000.0
2037,0.0,0.0,0.0,0.0,0.0,0.0,3000.0,0.0,0.0,3000.0
2038,0.0,0.0,0.0,0.0,0.0,0.0,3000.0,0.0,0.0,3000.0
2039,0.0,0.0,0.0,0.0,0.0,0.0,0.0,0.0,0.0,0.0
2040,0.0,0.0,0.0,0.0,0.0,0.0,0.0,0.0,0.0,0.0
2041,0.0,0.0,0.0,0.0,0.0,0.0,0.0,0.0,0.0,0.0
2042,0.0,0.0,0.0,0.0,0.0,0.0,0.0,0.0,0.0,0.0
2043,0.0,0.0,0.0,0.0,0.0,0.0,0.0,0.0,0.0,0.0
2044,0.0,0.0,0.0,0.0,0.0,0.0,0.0,0.0,0.0,0.0
2045,0.0,0.0,0.0,0.0,0.0,0.0,750.0,0.0,0.0,750.0
2046,3092.78350515464,0.0,0.0,896.976494845361,0.0,0.0,0.0,0.0,0.0,3092.78350515464
2047,3092.78350515464,0.0,2754.50628865979,3711.34020618557,0.0,0.0,0.0,0.0,0.0,3092.78350515464
2048,3092.78350515464,0.0,4002.29628865979,3711.34020618557,0.0,0.0,0.0,0.0,0.0,3092.78350515464
2049,3092.78350515464,0.0,3836.03628865979,3711.34020618557,0.0,0.0,0.0,0.0,0.0,3092.78350515464
2050,3092.78350515464,0.0,2596.76628865979,3711.34020618557,0.0,0.0,0.0,0.0,0.0,3092.78350515464
2051,3092.78350515464,0.0,1240.91628865979,3711.34020618557,0.0,0.0,0.0,0.0,0.0,3092.78350515464
2052,3092.78350515464,0.0,618.056288659793,3711.34020618557,0.0,0.0,0.0,0.0,0.0,3092.78350515464
2053,3092.78350515464,0.0,1082.20128865979,3711.34020618557,0.0,0.0,0.0,0.0,0.0,3092.78350515464
2054,3092.78350515464,0.0,2004.56628865979,3711.34020618557,0.0,0.0,0.0,0.0,0.0,3092.78350515464
2055,3092.78350515464,0.0,99.8812886597925,3711.34020618557,0.0,0.0,0.0,0.0,0.0,3092.78350515464
2056,3092.78350515464,0.0,0.0,1890.84649484536,0.0,0.0,0.0,0.0,0.0,3092.78350515464
2057,0.0,0.0,0.0,0.0,0.0,0.0,3000.0,0.0,0.0,3000.0
2058,0.0,0.0,0.0,0.0,0.0,0.0,3000.0,0.0,0.0,3000.0
2059,0.0,0.0,0.0,0.0,0.0,0.0,3000.0,0.0,0.0,3000.0
2060,0.0,0.0,0.0,0.0,0.0,0.0,3000.0,0.0,0.0,3000.0
2061,0.0,0.0,0.0,0.0,0.0,0.0,3000.0,0.0,0.0,3000.0
2062,0.0,0.0,0.0,0.0,0.0,0.0,3000.0,0.0,0.0,3000.0
2063,0.0,0.0,0.0,0.0,0.0,0.0,0.0,0.0,0.0,0.0
2064,0.0,0.0,0.0,0.0,0.0,0.0,0.0,0.0,0.0,0.0
2065,0.0,0.0,0.0,0.0,0.0,0.0,0.0,0.0,0.0,0.0
2066,0.0,0.0,0.0,0.0,0.0,0.0,0.0,0.0,0.0,0.0
2067,0.0,0.0,0.0,0.0,0.0,0.0,0.0,0.0,0.0,0.0
2068,0.0,0.0,0.0,0.0,0.0,0.0,0.0,0.0,0.0,0.0
2069,0.0,0.0,0.0,0.0,0.0,0.0,750.0,0.0,0.0,750.0
2070,112.7538,0.0,0.0,0.0,0.0,0.0,2890.628814,0.0,0.0,3003.382614
2071,788.8275,0.0,0.0,0.0,0.0,0.0,2234.837325,0.0,0.0,3023.664825
2072,1491.828,0.0,0.0,0.0,0.0,0.0,1552.92684,0.0,0.0,3044.75484
2073,1600.59,0.0,0.0,0.0,0.0,0.0,1447.4277,0.0,0.0,3048.0177
2074,2300.295,0.0,0.0,0.0,0.0,0.0,768.713850000001,0.0,0.0,3069.008850000001
2075,3092.78350515464,0.0,0.0,263.51149484536,0.0,0.0,0.0,0.0,0.0,3092.78350515464
2076,3092.78350515464,0.0,0.0,887.226494845361,0.0,0.0,0.0,0.0,0.0,3092.78350515464
2077,1654.005,0.0,0.0,0.0,0.0,0.0,1395.61515,0.0,0.0,3049.62015
2078,698.8365,0.0,0.0,0.0,0.0,0.0,2322.128595,0.0,0.0,3020.965095
2079,735.8235,0.0,0.0,0.0,0.0,0.0,2286.251205,0.0,0.0,3022.074705
2080,645.1095,0.0,0.0,0.0,0.0,0.0,2374.243785,0.0,0.0,3019.353285
2081,0.0,0.0,0.0,0.0,0.0,0.0,3000.0,0.0,0.0,3000.0
2082,0.0,0.0,0.0,0.0,0.0,0.0,3000.0,0.0,0.0,3000.0
2083,0.0,0.0,0.0,0.0,0.0,0.0,3000.0,0.0,0.0,3000.0
2084,0.0,0.0,0.0,0.0,0.0,0.0,3000.0,0.0,0.0,3000.0
2085,0.0,0.0,0.0,0.0,0.0,0.0,3000.0,0.0,0.0,3000.0
2086,0.0,0.0,0.0,0.0,0.0,0.0,3000.0,0.0,0.0,3000.0
2087,0.0,0.0,0.0,0.0,0.0,0.0,0.0,0.0,0.0,0.0
2088,0.0,0.0,0.0,0.0,0.0,0.0,0.0,0.0,0.0,0.0
2089,0.0,0.0,0.0,0.0,0.0,0.0,0.0,0.0,0.0,0.0
2090,0.0,0.0,0.0,0.0,0.0,0.0,0.0,0.0,0.0,0.0
2091,0.0,0.0,0.0,0.0,0.0,0.0,0.0,0.0,0.0,0.0
2092,0.0,0.0,0.0,0.0,0.0,0.0,0.0,0.0,0.0,0.0
2093,0.0,0.0,0.0,0.0,0.0,0.0,750.0,0.0,0.0,750.0
2094,2367.015,0.0,0.0,0.0,0.0,0.0,703.99545,0.0,0.0,3071.0104499999998
2095,3092.78350515464,0.0,0.0,1825.37149484536,0.0,0.0,0.0,0.0,0.0,3092.78350515464
2096,3092.78350515464,0.0,347.456288659792,3711.34020618557,0.0,0.0,0.0,0.0,0.0,3092.78350515464
2097,3092.78350515464,0.0,0.0,3632.06149484536,0.0,0.0,0.0,0.0,0.0,3092.78350515464
2098,3092.78350515464,0.0,2584.61628865979,3711.34020618557,0.0,0.0,0.0,0.0,0.0,3092.78350515464
2099,3092.78350515464,0.0,1307.08128865979,3711.34020618557,0.0,0.0,0.0,0.0,0.0,3092.78350515464
2100,3092.78350515464,0.0,0.0,2081.79649484536,0.0,0.0,0.0,0.0,0.0,3092.78350515464
2101,1807.095,0.0,0.0,0.0,0.0,0.0,1247.11785,0.0,0.0,3054.21285
2102,1095.4005,0.0,0.0,0.0,0.0,0.0,1937.461515,0.0,0.0,3032.8620149999997
2103,568.929,0.0,0.0,0.0,0.0,0.0,2448.13887,0.0,0.0,3017.0678700000003
2104,176.6955,0.0,0.0,0.0,0.0,0.0,2828.605365,0.0,0.0,3005.3008649999997
2105,0.0,0.0,0.0,0.0,0.0,0.0,3000.0,0.0,0.0,3000.0
2106,0.0,0.0,0.0,0.0,0.0,0.0,3000.0,0.0,0.0,3000.0
2107,0.0,0.0,0.0,0.0,0.0,0.0,3000.0,0.0,0.0,3000.0
2108,0.0,0.0,0.0,0.0,0.0,0.0,3000.0,0.0,0.0,3000.0
2109,0.0,0.0,0.0,0.0,0.0,0.0,3000.0,0.0,0.0,3000.0
2110,0.0,0.0,0.0,0.0,0.0,0.0,3000.0,0.0,0.0,3000.0
2111,0.0,0.0,0.0,0.0,0.0,0.0,0.0,0.0,0.0,0.0
2112,0.0,0.0,0.0,0.0,0.0,0.0,0.0,0.0,0.0,0.0
2113,0.0,0.0,0.0,0.0,0.0,0.0,0.0,0.0,0.0,0.0
2114,0.0,0.0,0.0,0.0,0.0,0.0,0.0,0.0,0.0,0.0
2115,0.0,0.0,0.0,0.0,0.0,0.0,0.0,0.0,0.0,0.0
2116,0.0,0.0,0.0,0.0,0.0,0.0,0.0,0.0,0.0,0.0
2117,0.0,0.0,0.0,0.0,0.0,0.0,750.0,0.0,0.0,750.0
2118,903.1905,0.0,0.0,0.0,0.0,0.0,2123.905215,0.0,0.0,3027.0957150000004
2119,1645.5,0.0,0.0,0.0,0.0,0.0,1403.865,0.0,0.0,3049.365
2120,1602.42,0.0,0.0,0.0,0.0,0.0,1445.6526,0.0,0.0,3048.0726
2121,2121.345,0.0,0.0,0.0,0.0,0.0,942.29535,0.0,0.0,3063.6403499999997
2122,2002.725,0.0,0.0,0.0,0.0,0.0,1057.35675,0.0,0.0,3060.08175
2123,2484.12,0.0,0.0,0.0,0.0,0.0,590.4036,0.0,0.0,3074.5236
2124,3092.78350515464,0.0,0.0,246.29149484536,0.0,0.0,0.0,0.0,0.0,3092.78350515464
2125,1567.5,0.0,0.0,0.0,0.0,0.0,1479.525,0.0,0.0,3047.025
2126,825.291,0.0,0.0,0.0,0.0,0.0,2199.46773,0.0,0.0,3024.75873
2127,609.189,0.0,0.0,0.0,0.0,0.0,2409.08667,0.0,0.0,3018.27567
2128,207.201,0.0,0.0,0.0,0.0,0.0,2799.01503,0.0,0.0,3006.21603
2129,0.0,0.0,0.0,0.0,0.0,0.0,3000.0,0.0,0.0,3000.0
2130,0.0,0.0,0.0,0.0,0.0,0.0,3000.0,0.0,0.0,3000.0
2131,0.0,0.0,0.0,0.0,0.0,0.0,3000.0,0.0,0.0,3000.0
2132,0.0,0.0,0.0,0.0,0.0,0.0,3000.0,0.0,0.0,3000.0
2133,0.0,0.0,0.0,0.0,0.0,0.0,3000.0,0.0,0.0,3000.0
2134,0.0,0.0,0.0,0.0,0.0,0.0,3000.0,0.0,0.0,3000.0
2135,0.0,0.0,0.0,0.0,0.0,0.0,0.0,0.0,0.0,0.0
2136,0.0,0.0,0.0,0.0,0.0,0.0,0.0,0.0,0.0,0.0
2137,0.0,0.0,0.0,0.0,0.0,0.0,0.0,0.0,0.0,0.0
2138,0.0,0.0,0.0,0.0,0.0,0.0,0.0,0.0,0.0,0.0
2139,0.0,0.0,0.0,0.0,0.0,0.0,0.0,0.0,0.0,0.0
2140,0.0,0.0,0.0,0.0,0.0,0.0,0.0,0.0,0.0,0.0
2141,0.0,0.0,0.0,0.0,0.0,0.0,750.0,0.0,0.0,750.0
2142,1138.6575,0.0,0.0,0.0,0.0,0.0,1895.502225,0.0,0.0,3034.159725
2143,700.1475,0.0,0.0,0.0,0.0,0.0,2320.856925,0.0,0.0,3021.004425
2144,1280.667,0.0,0.0,0.0,0.0,0.0,1757.75301,0.0,0.0,3038.42001
2145,2584.935,0.0,0.0,0.0,0.0,0.0,492.61305,0.0,0.0,3077.54805
2146,1886.565,0.0,0.0,0.0,0.0,0.0,1170.03195,0.0,0.0,3056.59695
2147,2899.2,0.0,0.0,0.0,0.0,0.0,187.776,0.0,0.0,3086.9759999999997
2148,3092.78350515464,0.0,0.0,1030.62649484536,0.0,0.0,0.0,0.0,0.0,3092.78350515464
2149,3092.78350515464,0.0,0.0,3597.53149484536,0.0,0.0,0.0,0.0,0.0,3092.78350515464
2150,3092.78350515464,0.0,782.021288659794,3711.34020618557,0.0,0.0,0.0,0.0,0.0,3092.78350515464
2151,3092.78350515464,0.0,0.0,2421.20149484536,0.0,0.0,0.0,0.0,0.0,3092.78350515464
2152,1698.285,0.0,0.0,0.0,0.0,0.0,1352.66355,0.0,0.0,3050.94855
2153,0.0,0.0,0.0,0.0,0.0,0.0,3000.0,0.0,0.0,3000.0
2154,0.0,0.0,0.0,0.0,0.0,0.0,3000.0,0.0,0.0,3000.0
2155,0.0,0.0,0.0,0.0,0.0,0.0,3000.0,0.0,0.0,3000.0
2156,0.0,0.0,0.0,0.0,0.0,0.0,3000.0,0.0,0.0,3000.0
2157,0.0,0.0,0.0,0.0,0.0,0.0,3000.0,0.0,0.0,3000.0
2158,0.0,0.0,0.0,0.0,0.0,0.0,3000.0,0.0,0.0,3000.0
2159,0.0,0.0,0.0,0.0,0.0,0.0,0.0,0.0,0.0,0.0
2160,0.0,0.0,0.0,0.0,0.0,0.0,0.0,0.0,0.0,0.0
2161,0.0,0.0,0.0,0.0,0.0,0.0,0.0,0.0,0.0,0.0
2162,0.0,0.0,0.0,0.0,0.0,0.0,0.0,0.0,0.0,0.0
2163,0.0,0.0,0.0,0.0,0.0,0.0,0.0,0.0,0.0,0.0
2164,0.0,0.0,0.0,0.0,0.0,0.0,0.0,0.0,0.0,0.0
2165,0.0,0.0,0.0,0.0,0.0,0.0,750.0,0.0,0.0,750.0
2166,3092.78350515464,0.0,0.0,2431.86649484536,0.0,0.0,0.0,0.0,0.0,3092.78350515464
2167,3092.78350515464,0.0,3638.72628865979,3711.34020618557,0.0,0.0,0.0,0.0,0.0,3092.78350515464
2168,3092.78350515464,0.0,4193.96628865979,3711.34020618557,0.0,0.0,0.0,0.0,0.0,3092.78350515464
2169,3092.78350515464,0.0,4414.0162886598,3711.34020618557,0.0,0.0,0.0,0.0,0.0,3092.78350515464
2170,3092.78350515464,0.0,3402.04128865979,3711.34020618557,0.0,0.0,0.0,0.0,0.0,3092.78350515464
2171,3092.78350515464,0.0,1996.51128865979,3711.34020618557,0.0,0.0,0.0,0.0,0.0,3092.78350515464
2172,3092.78350515464,0.0,1343.17128865979,3711.34020618557,0.0,0.0,0.0,0.0,0.0,3092.78350515464
2173,3092.78350515464,0.0,1616.08128865979,3711.34020618557,0.0,0.0,0.0,0.0,0.0,3092.78350515464
2174,3092.78350515464,0.0,2379.56628865979,3711.34020618557,0.0,0.0,0.0,0.0,0.0,3092.78350515464
2175,3092.78350515464,0.0,2261.77128865979,3711.34020618557,0.0,0.0,0.0,0.0,0.0,3092.78350515464
2176,3092.78350515464,0.0,0.0,2052.08149484536,0.0,0.0,0.0,0.0,0.0,3092.78350515464
2177,0.0,0.0,0.0,0.0,0.0,0.0,3000.0,0.0,0.0,3000.0
2178,0.0,0.0,0.0,0.0,0.0,0.0,3000.0,0.0,0.0,3000.0
2179,0.0,0.0,0.0,0.0,0.0,0.0,3000.0,0.0,0.0,3000.0
2180,0.0,0.0,0.0,0.0,0.0,0.0,3000.0,0.0,0.0,3000.0
2181,0.0,0.0,0.0,0.0,0.0,0.0,3000.0,0.0,0.0,3000.0
2182,0.0,0.0,0.0,0.0,0.0,0.0,3000.0,0.0,0.0,3000.0
2183,0.0,0.0,0.0,0.0,0.0,0.0,0.0,0.0,0.0,0.0
2184,0.0,0.0,0.0,0.0,0.0,0.0,0.0,0.0,0.0,0.0
2185,0.0,0.0,0.0,0.0,0.0,0.0,0.0,0.0,0.0,0.0
2186,0.0,0.0,0.0,0.0,0.0,0.0,0.0,0.0,0.0,0.0
2187,0.0,0.0,0.0,0.0,0.0,0.0,0.0,0.0,0.0,0.0
2188,0.0,0.0,0.0,0.0,0.0,0.0,0.0,0.0,0.0,0.0
2189,0.0,0.0,0.0,0.0,0.0,0.0,750.0,0.0,0.0,750.0
2190,3092.78350515464,0.0,0.0,2769.14149484536,0.0,0.0,0.0,0.0,0.0,3092.78350515464
2191,3092.78350515464,0.0,1819.03128865979,3711.34020618557,0.0,0.0,0.0,0.0,0.0,3092.78350515464
2192,3092.78350515464,0.0,4076.95128865979,3711.34020618557,0.0,0.0,0.0,0.0,0.0,3092.78350515464
2193,3092.78350515464,0.0,4690.61628865979,3711.34020618557,0.0,0.0,0.0,0.0,0.0,3092.78350515464
2194,3092.78350515464,0.0,3611.27628865979,3711.34020618557,0.0,0.0,0.0,0.0,0.0,3092.78350515464
2195,3092.78350515464,0.0,2249.50128865979,3711.34020618557,0.0,0.0,0.0,0.0,0.0,3092.78350515464
2196,3092.78350515464,0.0,1526.50128865979,3711.34020618557,0.0,0.0,0.0,0.0,0.0,3092.78350515464
2197,3092.78350515464,0.0,1823.08128865979,3711.34020618557,0.0,0.0,0.0,0.0,0.0,3092.78350515464
2198,3092.78350515464,0.0,2382.50628865979,3711.34020618557,0.0,0.0,0.0,0.0,0.0,3092.78350515464
2199,3092.78350515464,0.0,2037.22128865979,3711.34020618557,0.0,0.0,0.0,0.0,0.0,3092.78350515464
2200,3092.78350515464,0.0,0.0,3661.65649484536,0.0,0.0,0.0,0.0,0.0,3092.78350515464
2201,0.0,0.0,0.0,0.0,0.0,0.0,3000.0,0.0,0.0,3000.0
2202,0.0,0.0,0.0,0.0,0.0,0.0,3000.0,0.0,0.0,3000.0
2203,0.0,0.0,0.0,0.0,0.0,0.0,3000.0,0.0,0.0,3000.0
2204,0.0,0.0,0.0,0.0,0.0,0.0,3000.0,0.0,0.0,3000.0
2205,0.0,0.0,0.0,0.0,0.0,0.0,3000.0,0.0,0.0,3000.0
2206,0.0,0.0,0.0,0.0,0.0,0.0,3000.0,0.0,0.0,3000.0
2207,0.0,0.0,0.0,0.0,0.0,0.0,0.0,0.0,0.0,0.0
2208,0.0,0.0,0.0,0.0,0.0,0.0,0.0,0.0,0.0,0.0
2209,0.0,0.0,0.0,0.0,0.0,0.0,0.0,0.0,0.0,0.0
2210,0.0,0.0,0.0,0.0,0.0,0.0,0.0,0.0,0.0,0.0
2211,0.0,0.0,0.0,0.0,0.0,0.0,0.0,0.0,0.0,0.0
2212,0.0,0.0,0.0,0.0,0.0,0.0,0.0,0.0,0.0,0.0
2213,0.0,0.0,0.0,0.0,0.0,0.0,750.0,0.0,0.0,750.0
2214,3092.78350515464,0.0,0.0,231.60649484536,0.0,0.0,0.0,0.0,0.0,3092.78350515464
2215,3092.78350515464,0.0,0.0,1943.60149484536,0.0,0.0,0.0,0.0,0.0,3092.78350515464
2216,3092.78350515464,0.0,960.566288659793,3711.34020618557,0.0,0.0,0.0,0.0,0.0,3092.78350515464
2217,3092.78350515464,0.0,750.146288659794,3711.34020618557,0.0,0.0,0.0,0.0,0.0,3092.78350515464
2218,3092.78350515464,0.0,1023.70128865979,3711.34020618557,0.0,0.0,0.0,0.0,0.0,3092.78350515464
2219,3092.78350515464,0.0,492.611288659793,3711.34020618557,0.0,0.0,0.0,0.0,0.0,3092.78350515464
2220,3092.78350515464,0.0,931.706288659792,3711.34020618557,0.0,0.0,0.0,0.0,0.0,3092.78350515464
2221,3092.78350515464,0.0,1257.98628865979,3711.34020618557,0.0,0.0,0.0,0.0,0.0,3092.78350515464
2222,3092.78350515464,0.0,1558.67628865979,3711.34020618557,0.0,0.0,0.0,0.0,0.0,3092.78350515464
2223,3092.78350515464,0.0,144.791288659793,3711.34020618557,0.0,0.0,0.0,0.0,0.0,3092.78350515464
2224,3092.78350515464,0.0,0.0,1775.79649484536,0.0,0.0,0.0,0.0,0.0,3092.78350515464
2225,0.0,0.0,0.0,0.0,0.0,0.0,3000.0,0.0,0.0,3000.0
2226,0.0,0.0,0.0,0.0,0.0,0.0,3000.0,0.0,0.0,3000.0
2227,0.0,0.0,0.0,0.0,0.0,0.0,3000.0,0.0,0.0,3000.0
2228,0.0,0.0,0.0,0.0,0.0,0.0,3000.0,0.0,0.0,3000.0
2229,0.0,0.0,0.0,0.0,0.0,0.0,3000.0,0.0,0.0,3000.0
2230,0.0,0.0,0.0,0.0,0.0,0.0,3000.0,0.0,0.0,3000.0
2231,0.0,0.0,0.0,0.0,0.0,0.0,0.0,0.0,0.0,0.0
2232,0.0,0.0,0.0,0.0,0.0,0.0,0.0,0.0,0.0,0.0
2233,0.0,0.0,0.0,0.0,0.0,0.0,0.0,0.0,0.0,0.0
2234,0.0,0.0,0.0,0.0,0.0,0.0,0.0,0.0,0.0,0.0
2235,0.0,0.0,0.0,0.0,0.0,0.0,0.0,0.0,0.0,0.0
2236,0.0,0.0,0.0,0.0,0.0,0.0,0.0,0.0,0.0,0.0
2237,0.0,0.0,0.0,0.0,0.0,0.0,750.0,0.0,0.0,750.0
2238,3092.78350515464,0.0,0.0,2521.92649484536,0.0,0.0,0.0,0.0,0.0,3092.78350515464
2239,3092.78350515464,0.0,1236.04128865979,3711.34020618557,0.0,0.0,0.0,0.0,0.0,3092.78350515464
2240,3092.78350515464,0.0,3619.07628865979,3711.34020618557,0.0,0.0,0.0,0.0,0.0,3092.78350515464
2241,3092.78350515464,0.0,3982.91628865979,3711.34020618557,0.0,0.0,0.0,0.0,0.0,3092.78350515464
2242,3092.78350515464,0.0,3056.09628865979,3711.34020618557,0.0,0.0,0.0,0.0,0.0,3092.78350515464
2243,3092.78350515464,0.0,1932.20628865979,3711.34020618557,0.0,0.0,0.0,0.0,0.0,3092.78350515464
2244,3092.78350515464,0.0,1430.06628865979,3711.34020618557,0.0,0.0,0.0,0.0,0.0,3092.78350515464
2245,3092.78350515464,0.0,1658.09628865979,3711.34020618557,0.0,0.0,0.0,0.0,0.0,3092.78350515464
2246,3092.78350515464,0.0,465.686288659794,3711.34020618557,0.0,0.0,0.0,0.0,0.0,3092.78350515464
2247,3092.78350515464,0.0,0.0,2652.95149484536,0.0,0.0,0.0,0.0,0.0,3092.78350515464
2248,3092.78350515464,0.0,0.0,1135.23649484536,0.0,0.0,0.0,0.0,0.0,3092.78350515464
2249,0.0,0.0,0.0,0.0,0.0,0.0,3000.0,0.0,0.0,3000.0
2250,0.0,0.0,0.0,0.0,0.0,0.0,3000.0,0.0,0.0,3000.0
2251,0.0,0.0,0.0,0.0,0.0,0.0,3000.0,0.0,0.0,3000.0
2252,0.0,0.0,0.0,0.0,0.0,0.0,3000.0,0.0,0.0,3000.0
2253,0.0,0.0,0.0,0.0,0.0,0.0,3000.0,0.0,0.0,3000.0
2254,0.0,0.0,0.0,0.0,0.0,0.0,3000.0,0.0,0.0,3000.0
2255,0.0,0.0,0.0,0.0,0.0,0.0,0.0,0.0,0.0,0.0
2256,0.0,0.0,0.0,0.0,0.0,0.0,0.0,0.0,0.0,0.0
2257,0.0,0.0,0.0,0.0,0.0,0.0,0.0,0.0,0.0,0.0
2258,0.0,0.0,0.0,0.0,0.0,0.0,0.0,0.0,0.0,0.0
2259,0.0,0.0,0.0,0.0,0.0,0.0,0.0,0.0,0.0,0.0
2260,0.0,0.0,0.0,0.0,0.0,0.0,0.0,0.0,0.0,0.0
2261,0.0,0.0,0.0,0.0,0.0,0.0,750.0,0.0,0.0,750.0
2262,3092.78350515464,0.0,0.0,3697.35649484536,0.0,0.0,0.0,0.0,0.0,3092.78350515464
2263,3092.78350515464,0.0,2937.44628865979,3711.34020618557,0.0,0.0,0.0,0.0,0.0,3092.78350515464
2264,3092.78350515464,0.0,4230.31128865979,3711.34020618557,0.0,0.0,0.0,0.0,0.0,3092.78350515464
2265,3092.78350515464,0.0,4377.46128865979,3711.34020618557,0.0,0.0,0.0,0.0,0.0,3092.78350515464
2266,3092.78350515464,0.0,3406.61628865979,3711.34020618557,0.0,0.0,0.0,0.0,0.0,3092.78350515464
2267,3092.78350515464,0.0,2129.39628865979,3711.34020618557,0.0,0.0,0.0,0.0,0.0,3092.78350515464
2268,3092.78350515464,0.0,1561.10628865979,3711.34020618557,0.0,0.0,0.0,0.0,0.0,3092.78350515464
2269,3092.78350515464,0.0,1859.72628865979,3711.34020618557,0.0,0.0,0.0,0.0,0.0,3092.78350515464
2270,3092.78350515464,0.0,2536.69128865979,3711.34020618557,0.0,0.0,0.0,0.0,0.0,3092.78350515464
2271,3092.78350515464,0.0,2029.40628865979,3711.34020618557,0.0,0.0,0.0,0.0,0.0,3092.78350515464
2272,3092.78350515464,0.0,0.0,3676.44649484536,0.0,0.0,0.0,0.0,0.0,3092.78350515464
2273,28.68825,0.0,0.0,0.0,0.0,0.0,2972.1723975,0.0,0.0,3000.8606475
2274,0.0,0.0,0.0,0.0,0.0,0.0,3000.0,0.0,0.0,3000.0
2275,0.0,0.0,0.0,0.0,0.0,0.0,3000.0,0.0,0.0,3000.0
2276,0.0,0.0,0.0,0.0,0.0,0.0,3000.0,0.0,0.0,3000.0
2277,0.0,0.0,0.0,0.0,0.0,0.0,3000.0,0.0,0.0,3000.0
2278,0.0,0.0,0.0,0.0,0.0,0.0,3000.0,0.0,0.0,3000.0
2279,0.0,0.0,0.0,0.0,0.0,0.0,0.0,0.0,0.0,0.0
2280,0.0,0.0,0.0,0.0,0.0,0.0,0.0,0.0,0.0,0.0
2281,0.0,0.0,0.0,0.0,0.0,0.0,0.0,0.0,0.0,0.0
2282,0.0,0.0,0.0,0.0,0.0,0.0,0.0,0.0,0.0,0.0
2283,0.0,0.0,0.0,0.0,0.0,0.0,0.0,0.0,0.0,0.0
2284,0.0,0.0,0.0,0.0,0.0,0.0,0.0,0.0,0.0,0.0
2285,0.0,0.0,0.0,0.0,0.0,0.0,750.0,0.0,0.0,750.0
2286,3092.78350515464,0.0,0.0,2961.32149484536,0.0,0.0,0.0,0.0,0.0,3092.78350515464
2287,3092.78350515464,0.0,2366.53128865979,3711.34020618557,0.0,0.0,0.0,0.0,0.0,3092.78350515464
2288,3092.78350515464,0.0,2468.26128865979,3711.34020618557,0.0,0.0,0.0,0.0,0.0,3092.78350515464
2289,3092.78350515464,0.0,4529.9962886598,3711.34020618557,0.0,0.0,0.0,0.0,0.0,3092.78350515464
2290,3092.78350515464,0.0,3239.48628865979,3711.34020618557,0.0,0.0,0.0,0.0,0.0,3092.78350515464
2291,3092.78350515464,0.0,2203.15128865979,3711.34020618557,0.0,0.0,0.0,0.0,0.0,3092.78350515464
2292,3092.78350515464,0.0,1715.32128865979,3711.34020618557,0.0,0.0,0.0,0.0,0.0,3092.78350515464
2293,3092.78350515464,0.0,2014.03128865979,3711.34020618557,0.0,0.0,0.0,0.0,0.0,3092.78350515464
2294,3092.78350515464,0.0,2995.37628865979,3711.34020618557,0.0,0.0,0.0,0.0,0.0,3092.78350515464
2295,3092.78350515464,0.0,1423.31628865979,3711.34020618557,0.0,0.0,0.0,0.0,0.0,3092.78350515464
2296,3092.78350515464,0.0,67.2412886597931,3711.34020618557,0.0,0.0,0.0,0.0,0.0,3092.78350515464
2297,48.4953,0.0,0.0,0.0,0.0,0.0,2952.959559,0.0,0.0,3001.454859
2298,0.0,0.0,0.0,0.0,0.0,0.0,3000.0,0.0,0.0,3000.0
2299,0.0,0.0,0.0,0.0,0.0,0.0,3000.0,0.0,0.0,3000.0
2300,0.0,0.0,0.0,0.0,0.0,0.0,3000.0,0.0,0.0,3000.0
2301,0.0,0.0,0.0,0.0,0.0,0.0,3000.0,0.0,0.0,3000.0
2302,0.0,0.0,0.0,0.0,0.0,0.0,3000.0,0.0,0.0,3000.0
2303,0.0,0.0,0.0,0.0,0.0,0.0,0.0,0.0,0.0,0.0
2304,0.0,0.0,0.0,0.0,0.0,0.0,0.0,0.0,0.0,0.0
2305,0.0,0.0,0.0,0.0,0.0,0.0,0.0,0.0,0.0,0.0
2306,0.0,0.0,0.0,0.0,0.0,0.0,0.0,0.0,0.0,0.0
2307,0.0,0.0,0.0,0.0,0.0,0.0,0.0,0.0,0.0,0.0
2308,0.0,0.0,0.0,0.0,0.0,0.0,0.0,0.0,0.0,0.0
2309,0.0,0.0,0.0,0.0,0.0,0.0,750.0,0.0,0.0,750.0
2310,1965.24,0.0,0.0,0.0,0.0,0.0,1093.7172,0.0,0.0,3058.9572
2311,3092.78350515464,0.0,1095.43128865979,3711.34020618557,0.0,0.0,0.0,0.0,0.0,3092.78350515464
2312,3092.78350515464,0.0,0.0,212.601494845361,0.0,0.0,0.0,0.0,0.0,3092.78350515464
2313,3092.78350515464,0.0,0.0,1948.01149484536,0.0,0.0,0.0,0.0,0.0,3092.78350515464
2314,3092.78350515464,0.0,3208.58628865979,3711.34020618557,0.0,0.0,0.0,0.0,0.0,3092.78350515464
2315,3092.78350515464,0.0,2225.77128865979,3711.34020618557,0.0,0.0,0.0,0.0,0.0,3092.78350515464
2316,3092.78350515464,0.0,1685.53128865979,3711.34020618557,0.0,0.0,0.0,0.0,0.0,3092.78350515464
2317,3092.78350515464,0.0,1717.27128865979,3711.34020618557,0.0,0.0,0.0,0.0,0.0,3092.78350515464
2318,3092.78350515464,0.0,1999.34628865979,3711.34020618557,0.0,0.0,0.0,0.0,0.0,3092.78350515464
2319,3092.78350515464,0.0,2324.35128865979,3711.34020618557,0.0,0.0,0.0,0.0,0.0,3092.78350515464
2320,3092.78350515464,0.0,0.0,270.68149484536,0.0,0.0,0.0,0.0,0.0,3092.78350515464
2321,0.0,0.0,0.0,0.0,0.0,0.0,3000.0,0.0,0.0,3000.0
2322,0.0,0.0,0.0,0.0,0.0,0.0,3000.0,0.0,0.0,3000.0
2323,0.0,0.0,0.0,0.0,0.0,0.0,3000.0,0.0,0.0,3000.0
2324,0.0,0.0,0.0,0.0,0.0,0.0,3000.0,0.0,0.0,3000.0
2325,0.0,0.0,0.0,0.0,0.0,0.0,3000.0,0.0,0.0,3000.0
2326,0.0,0.0,0.0,0.0,0.0,0.0,3000.0,0.0,0.0,3000.0
2327,0.0,0.0,0.0,0.0,0.0,0.0,0.0,0.0,0.0,0.0
2328,0.0,0.0,0.0,0.0,0.0,0.0,0.0,0.0,0.0,0.0
2329,0.0,0.0,0.0,0.0,0.0,0.0,0.0,0.0,0.0,0.0
2330,0.0,0.0,0.0,0.0,0.0,0.0,0.0,0.0,0.0,0.0
2331,0.0,0.0,0.0,0.0,0.0,0.0,0.0,0.0,0.0,0.0
2332,0.0,0.0,0.0,0.0,0.0,0.0,0.0,0.0,0.0,0.0
2333,0.0,0.0,0.0,0.0,0.0,0.0,750.0,0.0,0.0,750.0
2334,1493.5245,0.0,0.0,0.0,0.0,0.0,1551.281235,0.0,0.0,3044.805735
2335,2106.795,0.0,0.0,0.0,0.0,0.0,956.40885,0.0,0.0,3063.20385
2336,3092.78350515464,0.0,0.0,1404.65149484536,0.0,0.0,0.0,0.0,0.0,3092.78350515464
2337,3092.78350515464,0.0,0.0,495.44149484536,0.0,0.0,0.0,0.0,0.0,3092.78350515464
2338,3051.45,0.0,0.0,0.0,0.0,0.0,40.0935000000004,0.0,0.0,3091.5435
2339,3092.78350515464,0.0,0.0,26.6464948453604,0.0,0.0,0.0,0.0,0.0,3092.78350515464
2340,3092.78350515464,0.0,0.0,2268.09649484536,0.0,0.0,0.0,0.0,0.0,3092.78350515464
2341,3092.78350515464,0.0,0.0,2994.87649484536,0.0,0.0,0.0,0.0,0.0,3092.78350515464
2342,2475.15,0.0,0.0,0.0,0.0,0.0,599.1045,0.0,0.0,3074.2545
2343,3092.78350515464,0.0,0.0,766.19149484536,0.0,0.0,0.0,0.0,0.0,3092.78350515464
2344,3092.78350515464,0.0,185.306288659793,3711.34020618557,0.0,0.0,0.0,0.0,0.0,3092.78350515464
2345,49.21665,0.0,0.0,0.0,0.0,0.0,2952.2598495,0.0,0.0,3001.4764995
2346,0.0,0.0,0.0,0.0,0.0,0.0,3000.0,0.0,0.0,3000.0
2347,0.0,0.0,0.0,0.0,0.0,0.0,3000.0,0.0,0.0,3000.0
2348,0.0,0.0,0.0,0.0,0.0,0.0,3000.0,0.0,0.0,3000.0
2349,0.0,0.0,0.0,0.0,0.0,0.0,3000.0,0.0,0.0,3000.0
2350,0.0,0.0,0.0,0.0,0.0,0.0,3000.0,0.0,0.0,3000.0
2351,0.0,0.0,0.0,0.0,0.0,0.0,0.0,0.0,0.0,0.0
2352,0.0,0.0,0.0,0.0,0.0,0.0,0.0,0.0,0.0,0.0
2353,0.0,0.0,0.0,0.0,0.0,0.0,0.0,0.0,0.0,0.0
2354,0.0,0.0,0.0,0.0,0.0,0.0,0.0,0.0,0.0,0.0
2355,0.0,0.0,0.0,0.0,0.0,0.0,0.0,0.0,0.0,0.0
2356,0.0,0.0,0.0,0.0,0.0,0.0,0.0,0.0,0.0,0.0
2357,773.19587628866,0.0,1.13686837721616e-13,1156.38912371134,0.0,0.0,0.0,0.0,0.0,773.19587628866
2358,3092.78350515464,0.0,649.556288659793,3711.34020618557,0.0,0.0,0.0,0.0,0.0,3092.78350515464
2359,3092.78350515464,0.0,3844.52628865979,3711.34020618557,0.0,0.0,0.0,0.0,0.0,3092.78350515464
2360,3092.78350515464,0.0,5165.08128865979,3711.34020618557,0.0,0.0,0.0,0.0,0.0,3092.78350515464
2361,3092.78350515464,0.0,4782.71628865979,3711.34020618557,0.0,0.0,0.0,0.0,0.0,3092.78350515464
2362,3092.78350515464,0.0,1815.65628865979,3711.34020618557,0.0,0.0,0.0,0.0,0.0,3092.78350515464
2363,3092.78350515464,0.0,0.0,2729.78149484536,0.0,0.0,0.0,0.0,0.0,3092.78350515464
2364,3092.78350515464,0.0,0.0,1639.55149484536,0.0,0.0,0.0,0.0,0.0,3092.78350515464
2365,3092.78350515464,0.0,0.0,3664.67149484536,0.0,0.0,0.0,0.0,0.0,3092.78350515464
2366,3092.78350515464,0.0,0.0,575.301494845361,0.0,0.0,0.0,0.0,0.0,3092.78350515464
2367,3092.78350515464,0.0,0.0,516.60649484536,0.0,0.0,0.0,0.0,0.0,3092.78350515464
2368,665.2215,0.0,0.0,0.0,0.0,0.0,2354.735145,0.0,0.0,3019.956645
2369,29.6331,0.0,0.0,0.0,0.0,0.0,2971.255893,0.0,0.0,3000.888993
2370,0.0,0.0,0.0,0.0,0.0,0.0,3000.0,0.0,0.0,3000.0
2371,0.0,0.0,0.0,0.0,0.0,0.0,3000.0,0.0,0.0,3000.0
2372,0.0,0.0,0.0,0.0,0.0,0.0,3000.0,0.0,0.0,3000.0
2373,0.0,0.0,0.0,0.0,0.0,0.0,3000.0,0.0,0.0,3000.0
2374,0.0,0.0,0.0,0.0,0.0,0.0,3000.0,0.0,0.0,3000.0
2375,0.0,0.0,0.0,0.0,0.0,0.0,0.0,0.0,0.0,0.0
2376,0.0,0.0,0.0,0.0,0.0,0.0,0.0,0.0,0.0,0.0
2377,0.0,0.0,0.0,0.0,0.0,0.0,0.0,0.0,0.0,0.0
2378,0.0,0.0,0.0,0.0,0.0,0.0,0.0,0.0,0.0,0.0
2379,0.0,0.0,0.0,0.0,0.0,0.0,0.0,0.0,0.0,0.0
2380,0.0,0.0,0.0,0.0,0.0,0.0,0.0,0.0,0.0,0.0
2381,93.8817,0.0,0.0,0.0,0.0,0.0,658.934751,0.0,0.0,752.816451
2382,1313.9205,0.0,0.0,0.0,0.0,0.0,1725.497115,0.0,0.0,3039.417615
2383,1248.162,0.0,0.0,0.0,0.0,0.0,1789.28286,0.0,0.0,3037.44486
2384,1729.515,0.0,0.0,0.0,0.0,0.0,1322.37045,0.0,0.0,3051.8854499999998
2385,2551.5,0.0,0.0,0.0,0.0,0.0,525.045,0.0,0.0,3076.545
2386,2704.47,0.0,0.0,0.0,0.0,0.0,376.6641,0.0,0.0,3081.1340999999998
2387,3092.78350515464,0.0,0.0,19.0714948453606,0.0,0.0,0.0,0.0,0.0,3092.78350515464
2388,3092.78350515464,0.0,0.0,350.301494845361,0.0,0.0,0.0,0.0,0.0,3092.78350515464
2389,2593.125,0.0,0.0,0.0,0.0,0.0,484.66875,0.0,0.0,3077.79375
2390,1672.62,0.0,0.0,0.0,0.0,0.0,1377.5586,0.0,0.0,3050.1786
2391,1590.405,0.0,0.0,0.0,0.0,0.0,1457.30715,0.0,0.0,3047.7121500000003
2392,1511.61,0.0,0.0,0.0,0.0,0.0,1533.7383,0.0,0.0,3045.3482999999997
2393,29.87505,0.0,0.0,0.0,0.0,0.0,2971.0212015,0.0,0.0,3000.8962515000003
2394,0.0,0.0,0.0,0.0,0.0,0.0,3000.0,0.0,0.0,3000.0
2395,0.0,0.0,0.0,0.0,0.0,0.0,3000.0,0.0,0.0,3000.0
2396,0.0,0.0,0.0,0.0,0.0,0.0,3000.0,0.0,0.0,3000.0
2397,0.0,0.0,0.0,0.0,0.0,0.0,3000.0,0.0,0.0,3000.0
2398,0.0,0.0,0.0,0.0,0.0,0.0,3000.0,0.0,0.0,3000.0
2399,0.0,0.0,0.0,0.0,0.0,0.0,0.0,0.0,0.0,0.0
2400,0.0,0.0,0.0,0.0,0.0,0.0,0.0,0.0,0.0,0.0
2401,0.0,0.0,0.0,0.0,0.0,0.0,0.0,0.0,0.0,0.0
2402,0.0,0.0,0.0,0.0,0.0,0.0,0.0,0.0,0.0,0.0
2403,0.0,0.0,0.0,0.0,0.0,0.0,0.0,0.0,0.0,0.0
2404,0.0,0.0,0.0,0.0,0.0,0.0,0.0,0.0,0.0,0.0
2405,417.213,0.0,0.0,0.0,0.0,0.0,345.30339,0.0,0.0,762.51639
2406,3092.78350515464,0.0,0.0,2609.45149484536,0.0,0.0,0.0,0.0,0.0,3092.78350515464
2407,3092.78350515464,0.0,0.0,2820.95149484536,0.0,0.0,0.0,0.0,0.0,3092.78350515464
2408,3092.78350515464,0.0,2462.03628865979,3711.34020618557,0.0,0.0,0.0,0.0,0.0,3092.78350515464
2409,3092.78350515464,0.0,0.0,2009.01649484536,0.0,0.0,0.0,0.0,0.0,3092.78350515464
2410,3092.78350515464,0.0,0.0,2709.96649484536,0.0,0.0,0.0,0.0,0.0,3092.78350515464
2411,3092.78350515464,0.0,0.0,151.08649484536,0.0,0.0,0.0,0.0,0.0,3092.78350515464
2412,3092.78350515464,0.0,0.0,51.1864948453604,0.0,0.0,0.0,0.0,0.0,3092.78350515464
2413,2541.6,0.0,0.0,0.0,0.0,0.0,534.648,0.0,0.0,3076.248
2414,3092.78350515464,0.0,0.0,1139.33149484536,0.0,0.0,0.0,0.0,0.0,3092.78350515464
2415,3092.78350515464,0.0,0.0,216.78649484536,0.0,0.0,0.0,0.0,0.0,3092.78350515464
2416,3092.78350515464,0.0,0.0,1912.13149484536,0.0,0.0,0.0,0.0,0.0,3092.78350515464
2417,294.7905,0.0,0.0,0.0,0.0,0.0,2714.053215,0.0,0.0,3008.843715
2418,0.0,0.0,0.0,0.0,0.0,0.0,3000.0,0.0,0.0,3000.0
2419,0.0,0.0,0.0,0.0,0.0,0.0,3000.0,0.0,0.0,3000.0
2420,0.0,0.0,0.0,0.0,0.0,0.0,3000.0,0.0,0.0,3000.0
2421,0.0,0.0,0.0,0.0,0.0,0.0,3000.0,0.0,0.0,3000.0
2422,0.0,0.0,0.0,0.0,0.0,0.0,3000.0,0.0,0.0,3000.0
2423,0.0,0.0,0.0,0.0,0.0,0.0,0.0,0.0,0.0,0.0
2424,0.0,0.0,0.0,0.0,0.0,0.0,0.0,0.0,0.0,0.0
2425,0.0,0.0,0.0,0.0,0.0,0.0,0.0,0.0,0.0,0.0
2426,0.0,0.0,0.0,0.0,0.0,0.0,0.0,0.0,0.0,0.0
2427,0.0,0.0,0.0,0.0,0.0,0.0,0.0,0.0,0.0,0.0
2428,0.0,0.0,0.0,0.0,0.0,0.0,0.0,0.0,0.0,0.0
2429,773.19587628866,0.0,-1.13686837721616e-13,2794.76412371134,0.0,0.0,0.0,0.0,0.0,773.19587628866
2430,3092.78350515464,0.0,2356.48128865979,3711.34020618557,0.0,0.0,0.0,0.0,0.0,3092.78350515464
2431,3092.78350515464,0.0,4641.35628865979,3711.34020618557,0.0,0.0,0.0,0.0,0.0,3092.78350515464
2432,3092.78350515464,0.0,5379.49128865979,3711.34020618557,0.0,0.0,0.0,0.0,0.0,3092.78350515464
2433,3092.78350515464,0.0,5177.6212886598,3711.34020618557,0.0,0.0,0.0,0.0,0.0,3092.78350515464
2434,3092.78350515464,0.0,3025.84128865979,3711.34020618557,0.0,0.0,0.0,0.0,0.0,3092.78350515464
2435,3092.78350515464,0.0,2148.92628865979,3711.34020618557,0.0,0.0,0.0,0.0,0.0,3092.78350515464
2436,0.0,0.0,0.0,0.0,0.0,0.0,3000.0,0.0,0.0,3000.0
2437,3092.78350515464,0.0,2251.76628865979,3711.34020618557,0.0,0.0,0.0,0.0,0.0,3092.78350515464
2438,3092.78350515464,0.0,3324.46128865979,3711.34020618557,0.0,0.0,0.0,0.0,0.0,3092.78350515464
2439,3092.78350515464,0.0,3428.60628865979,3711.34020618557,0.0,0.0,0.0,0.0,0.0,3092.78350515464
2440,3092.78350515464,0.0,2021.98128865979,3711.34020618557,0.0,0.0,0.0,0.0,0.0,3092.78350515464
2441,724.1835,0.0,0.0,0.0,0.0,0.0,2297.542005,0.0,0.0,3021.725505
2442,0.0,0.0,0.0,0.0,0.0,0.0,3000.0,0.0,0.0,3000.0
2443,0.0,0.0,0.0,0.0,0.0,0.0,3000.0,0.0,0.0,3000.0
2444,0.0,0.0,0.0,0.0,0.0,0.0,3000.0,0.0,0.0,3000.0
2445,0.0,0.0,0.0,0.0,0.0,0.0,3000.0,0.0,0.0,3000.0
2446,0.0,0.0,0.0,0.0,0.0,0.0,3000.0,0.0,0.0,3000.0
2447,0.0,0.0,0.0,0.0,0.0,0.0,0.0,0.0,0.0,0.0
2448,0.0,0.0,0.0,0.0,0.0,0.0,0.0,0.0,0.0,0.0
2449,0.0,0.0,0.0,0.0,0.0,0.0,0.0,0.0,0.0,0.0
2450,0.0,0.0,0.0,0.0,0.0,0.0,0.0,0.0,0.0,0.0
2451,0.0,0.0,0.0,0.0,0.0,0.0,0.0,0.0,0.0,0.0
2452,0.0,0.0,0.0,0.0,0.0,0.0,0.0,0.0,0.0,0.0
2453,773.19587628866,0.0,-1.13686837721616e-13,2555.84412371134,0.0,0.0,0.0,0.0,0.0,773.19587628866
2454,3092.78350515464,0.0,2428.12128865979,3711.34020618557,0.0,0.0,0.0,0.0,0.0,3092.78350515464
2455,3092.78350515464,0.0,4717.9162886598,3711.34020618557,0.0,0.0,0.0,0.0,0.0,3092.78350515464
2456,3092.78350515464,0.0,5452.63128865979,3711.34020618557,0.0,0.0,0.0,0.0,0.0,3092.78350515464
2457,3092.78350515464,0.0,3198.92628865979,3711.34020618557,0.0,0.0,0.0,0.0,0.0,3092.78350515464
2458,3022.41,0.0,0.0,0.0,0.0,0.0,68.2622999999999,0.0,0.0,3090.6722999999997
2459,2465.265,0.0,0.0,0.0,0.0,0.0,608.69295,0.0,0.0,3073.95795
2460,2257.755,0.0,0.0,0.0,0.0,0.0,809.97765,0.0,0.0,3067.73265
2461,2842.605,0.0,0.0,0.0,0.0,0.0,242.67315,0.0,0.0,3085.27815
2462,1976.22,0.0,0.0,0.0,0.0,0.0,1083.0666,0.0,0.0,3059.2866000000004
2463,3092.78350515464,0.0,0.0,249.861494845361,0.0,0.0,0.0,0.0,0.0,3092.78350515464
2464,3092.78350515464,0.0,967.601288659793,3711.34020618557,0.0,0.0,0.0,0.0,0.0,3092.78350515464
2465,325.7985,0.0,0.0,0.0,0.0,0.0,2683.975455,0.0,0.0,3009.7739549999997
2466,0.0,0.0,0.0,0.0,0.0,0.0,3000.0,0.0,0.0,3000.0
2467,0.0,0.0,0.0,0.0,0.0,0.0,3000.0,0.0,0.0,3000.0
2468,0.0,0.0,0.0,0.0,0.0,0.0,3000.0,0.0,0.0,3000.0
2469,0.0,0.0,0.0,0.0,0.0,0.0,3000.0,0.0,0.0,3000.0
2470,0.0,0.0,0.0,0.0,0.0,0.0,3000.0,0.0,0.0,3000.0
2471,0.0,0.0,0.0,0.0,0.0,0.0,0.0,0.0,0.0,0.0
2472,0.0,0.0,0.0,0.0,0.0,0.0,0.0,0.0,0.0,0.0
2473,0.0,0.0,0.0,0.0,0.0,0.0,0.0,0.0,0.0,0.0
2474,0.0,0.0,0.0,0.0,0.0,0.0,0.0,0.0,0.0,0.0
2475,0.0,0.0,0.0,0.0,0.0,0.0,0.0,0.0,0.0,0.0
2476,0.0,0.0,0.0,0.0,0.0,0.0,0.0,0.0,0.0,0.0
2477,642.12,0.0,0.0,0.0,0.0,0.0,127.1436,0.0,0.0,769.2636
2478,3092.78350515464,0.0,0.0,3021.69649484536,0.0,0.0,0.0,0.0,0.0,3092.78350515464
2479,3092.78350515464,0.0,106.316288659793,3711.34020618557,0.0,0.0,0.0,0.0,0.0,3092.78350515464
2480,3092.78350515464,0.0,196.421288659793,3711.34020618557,0.0,0.0,0.0,0.0,0.0,3092.78350515464
2481,3092.78350515464,0.0,0.0,676.67149484536,0.0,0.0,0.0,0.0,0.0,3092.78350515464
2482,3092.78350515464,0.0,0.0,95.1214948453608,0.0,0.0,0.0,0.0,0.0,3092.78350515464
2483,3092.78350515464,0.0,0.0,352.46149484536,0.0,0.0,0.0,0.0,0.0,3092.78350515464
2484,2825.925,0.0,0.0,0.0,0.0,0.0,258.85275,0.0,0.0,3084.77775
2485,3092.78350515464,0.0,0.0,860.526494845361,0.0,0.0,0.0,0.0,0.0,3092.78350515464
2486,3092.78350515464,0.0,0.0,1492.13149484536,0.0,0.0,0.0,0.0,0.0,3092.78350515464
2487,3092.78350515464,0.0,0.0,2624.97649484536,0.0,0.0,0.0,0.0,0.0,3092.78350515464
2488,3092.78350515464,0.0,2163.17628865979,3711.34020618557,0.0,0.0,0.0,0.0,0.0,3092.78350515464
2489,1391.928,0.0,0.0,0.0,0.0,0.0,1649.82984,0.0,0.0,3041.75784
2490,0.0,0.0,0.0,0.0,0.0,0.0,3000.0,0.0,0.0,3000.0
2491,0.0,0.0,0.0,0.0,0.0,0.0,3000.0,0.0,0.0,3000.0
2492,0.0,0.0,0.0,0.0,0.0,0.0,3000.0,0.0,0.0,3000.0
2493,0.0,0.0,0.0,0.0,0.0,0.0,3000.0,0.0,0.0,3000.0
2494,0.0,0.0,0.0,0.0,0.0,0.0,3000.0,0.0,0.0,3000.0
2495,0.0,0.0,0.0,0.0,0.0,0.0,0.0,0.0,0.0,0.0
2496,0.0,0.0,0.0,0.0,0.0,0.0,0.0,0.0,0.0,0.0
2497,0.0,0.0,0.0,0.0,0.0,0.0,0.0,0.0,0.0,0.0
2498,0.0,0.0,0.0,0.0,0.0,0.0,0.0,0.0,0.0,0.0
2499,0.0,0.0,0.0,0.0,0.0,0.0,0.0,0.0,0.0,0.0
2500,0.0,0.0,0.0,0.0,0.0,0.0,0.0,0.0,0.0,0.0
2501,773.19587628866,0.0,-1.13686837721616e-13,2828.63412371134,0.0,0.0,0.0,0.0,0.0,773.19587628866
2502,3092.78350515464,0.0,2668.55628865979,3711.34020618557,0.0,0.0,0.0,0.0,0.0,3092.78350515464
2503,3092.78350515464,0.0,4734.59628865979,3711.34020618557,0.0,0.0,0.0,0.0,0.0,3092.78350515464
2504,3092.78350515464,0.0,5300.80128865979,3711.34020618557,0.0,0.0,0.0,0.0,0.0,3092.78350515464
2505,3092.78350515464,0.0,4990.88628865979,3711.34020618557,0.0,0.0,0.0,0.0,0.0,3092.78350515464
2506,3092.78350515464,0.0,3851.24628865979,3711.34020618557,0.0,0.0,0.0,0.0,0.0,3092.78350515464
2507,3092.78350515464,0.0,2850.85128865979,3711.34020618557,0.0,0.0,0.0,0.0,0.0,3092.78350515464
2508,3092.78350515464,0.0,2403.68628865979,3711.34020618557,0.0,0.0,0.0,0.0,0.0,3092.78350515464
2509,3092.78350515464,0.0,2793.05628865979,3711.34020618557,0.0,0.0,0.0,0.0,0.0,3092.78350515464
2510,3092.78350515464,0.0,3542.62128865979,3711.34020618557,0.0,0.0,0.0,0.0,0.0,3092.78350515464
2511,3092.78350515464,0.0,3519.47628865979,3711.34020618557,0.0,0.0,0.0,0.0,0.0,3092.78350515464
2512,3092.78350515464,0.0,1582.04628865979,3711.34020618557,0.0,0.0,0.0,0.0,0.0,3092.78350515464
2513,3092.78350515464,0.0,0.0,1427.07649484536,0.0,0.0,0.0,0.0,0.0,3092.78350515464
2514,0.0,0.0,0.0,0.0,0.0,0.0,3000.0,0.0,0.0,3000.0
2515,0.0,0.0,0.0,0.0,0.0,0.0,3000.0,0.0,0.0,3000.0
2516,0.0,0.0,0.0,0.0,0.0,0.0,3000.0,0.0,0.0,3000.0
2517,0.0,0.0,0.0,0.0,0.0,0.0,3000.0,0.0,0.0,3000.0
2518,0.0,0.0,0.0,0.0,0.0,0.0,3000.0,0.0,0.0,3000.0
2519,0.0,0.0,0.0,0.0,0.0,0.0,0.0,0.0,0.0,0.0
2520,0.0,0.0,0.0,0.0,0.0,0.0,0.0,0.0,0.0,0.0
2521,0.0,0.0,0.0,0.0,0.0,0.0,0.0,0.0,0.0,0.0
2522,0.0,0.0,0.0,0.0,0.0,0.0,0.0,0.0,0.0,0.0
2523,0.0,0.0,0.0,0.0,0.0,0.0,0.0,0.0,0.0,0.0
2524,0.0,0.0,0.0,0.0,0.0,0.0,0.0,0.0,0.0,0.0
2525,728.1525,0.0,0.0,0.0,0.0,0.0,43.692075,0.0,0.0,771.8445750000001
2526,3092.78350515464,0.0,1867.16628865979,3711.34020618557,0.0,0.0,0.0,0.0,0.0,3092.78350515464
2527,3092.78350515464,0.0,0.0,233.10649484536,0.0,0.0,0.0,0.0,0.0,3092.78350515464
2528,3092.78350515464,0.0,0.0,78.7864948453603,0.0,0.0,0.0,0.0,0.0,3092.78350515464
2529,2776.845,0.0,0.0,0.0,0.0,0.0,306.46035,0.0,0.0,3083.3053499999996
2530,3092.78350515464,0.0,0.0,202.176494845361,0.0,0.0,0.0,0.0,0.0,3092.78350515464
2531,3092.78350515464,0.0,0.0,491.16649484536,0.0,0.0,0.0,0.0,0.0,3092.78350515464
2532,3092.78350515464,0.0,0.0,1729.68649484536,0.0,0.0,0.0,0.0,0.0,3092.78350515464
2533,3011.565,0.0,0.0,0.0,0.0,0.0,78.7819500000005,0.0,0.0,3090.3469500000006
2534,2063.67,0.0,0.0,0.0,0.0,0.0,998.2401,0.0,0.0,3061.9101
2535,2823.495,0.0,0.0,0.0,0.0,0.0,261.20985,0.0,0.0,3084.70485
2536,1771.815,0.0,0.0,0.0,0.0,0.0,1281.33945,0.0,0.0,3053.15445
2537,1746.495,0.0,0.0,0.0,0.0,0.0,1305.89985,0.0,0.0,3052.3948499999997
2538,0.0,0.0,0.0,0.0,0.0,0.0,3000.0,0.0,0.0,3000.0
2539,0.0,0.0,0.0,0.0,0.0,0.0,3000.0,0.0,0.0,3000.0
2540,0.0,0.0,0.0,0.0,0.0,0.0,3000.0,0.0,0.0,3000.0
2541,0.0,0.0,0.0,0.0,0.0,0.0,3000.0,0.0,0.0,3000.0
2542,0.0,0.0,0.0,0.0,0.0,0.0,3000.0,0.0,0.0,3000.0
2543,0.0,0.0,0.0,0.0,0.0,0.0,0.0,0.0,0.0,0.0
2544,0.0,0.0,0.0,0.0,0.0,0.0,0.0,0.0,0.0,0.0
2545,0.0,0.0,0.0,0.0,0.0,0.0,0.0,0.0,0.0,0.0
2546,0.0,0.0,0.0,0.0,0.0,0.0,0.0,0.0,0.0,0.0
2547,0.0,0.0,0.0,0.0,0.0,0.0,0.0,0.0,0.0,0.0
2548,0.0,0.0,0.0,0.0,0.0,0.0,0.0,0.0,0.0,0.0
2549,773.19587628866,0.0,-1.13686837721616e-13,2879.40912371134,0.0,0.0,0.0,0.0,0.0,773.19587628866
2550,3092.78350515464,0.0,2467.00128865979,3711.34020618557,0.0,0.0,0.0,0.0,0.0,3092.78350515464
2551,3092.78350515464,0.0,4715.35128865979,3711.34020618557,0.0,0.0,0.0,0.0,0.0,3092.78350515464
2552,3092.78350515464,0.0,5195.96628865979,3711.34020618557,0.0,0.0,0.0,0.0,0.0,3092.78350515464
2553,3092.78350515464,0.0,4980.14628865979,3711.34020618557,0.0,0.0,0.0,0.0,0.0,3092.78350515464
2554,3092.78350515464,0.0,3824.84628865979,3711.34020618557,0.0,0.0,0.0,0.0,0.0,3092.78350515464
2555,3092.78350515464,0.0,2751.47628865979,3711.34020618557,0.0,0.0,0.0,0.0,0.0,3092.78350515464
2556,3092.78350515464,0.0,2396.84628865979,3711.34020618557,0.0,0.0,0.0,0.0,0.0,3092.78350515464
2557,3092.78350515464,0.0,2732.87628865979,3711.34020618557,0.0,0.0,0.0,0.0,0.0,3092.78350515464
2558,3092.78350515464,0.0,3383.33628865979,3711.34020618557,0.0,0.0,0.0,0.0,0.0,3092.78350515464
2559,3092.78350515464,0.0,3496.82628865979,3711.34020618557,0.0,0.0,0.0,0.0,0.0,3092.78350515464
2560,3092.78350515464,0.0,1704.43128865979,3711.34020618557,0.0,0.0,0.0,0.0,0.0,3092.78350515464
2561,3092.78350515464,0.0,0.0,2063.45149484536,0.0,0.0,0.0,0.0,0.0,3092.78350515464
2562,0.0,0.0,0.0,0.0,0.0,0.0,3000.0,0.0,0.0,3000.0
2563,0.0,0.0,0.0,0.0,0.0,0.0,3000.0,0.0,0.0,3000.0
2564,0.0,0.0,0.0,0.0,0.0,0.0,3000.0,0.0,0.0,3000.0
2565,0.0,0.0,0.0,0.0,0.0,0.0,3000.0,0.0,0.0,3000.0
2566,0.0,0.0,0.0,0.0,0.0,0.0,3000.0,0.0,0.0,3000.0
2567,0.0,0.0,0.0,0.0,0.0,0.0,0.0,0.0,0.0,0.0
2568,0.0,0.0,0.0,0.0,0.0,0.0,0.0,0.0,0.0,0.0
2569,0.0,0.0,0.0,0.0,0.0,0.0,0.0,0.0,0.0,0.0
2570,0.0,0.0,0.0,0.0,0.0,0.0,0.0,0.0,0.0,0.0
2571,0.0,0.0,0.0,0.0,0.0,0.0,0.0,0.0,0.0,0.0
2572,0.0,0.0,0.0,0.0,0.0,0.0,0.0,0.0,0.0,0.0
2573,773.19587628866,0.0,-1.13686837721616e-13,2934.66912371134,0.0,0.0,0.0,0.0,0.0,773.19587628866
2574,3092.78350515464,0.0,2374.94628865979,3711.34020618557,0.0,0.0,0.0,0.0,0.0,3092.78350515464
2575,3092.78350515464,0.0,4486.93128865979,3711.34020618557,0.0,0.0,0.0,0.0,0.0,3092.78350515464
2576,3092.78350515464,0.0,4788.71628865979,3711.34020618557,0.0,0.0,0.0,0.0,0.0,3092.78350515464
2577,3092.78350515464,0.0,4388.05128865979,3711.34020618557,0.0,0.0,0.0,0.0,0.0,3092.78350515464
2578,3092.78350515464,0.0,3378.50628865979,3711.34020618557,0.0,0.0,0.0,0.0,0.0,3092.78350515464
2579,3092.78350515464,0.0,2479.99128865979,3711.34020618557,0.0,0.0,0.0,0.0,0.0,3092.78350515464
2580,3092.78350515464,0.0,2304.82128865979,3711.34020618557,0.0,0.0,0.0,0.0,0.0,3092.78350515464
2581,3092.78350515464,0.0,2721.88128865979,3711.34020618557,0.0,0.0,0.0,0.0,0.0,3092.78350515464
2582,3092.78350515464,0.0,3317.86128865979,3711.34020618557,0.0,0.0,0.0,0.0,0.0,3092.78350515464
2583,3092.78350515464,0.0,3470.03628865979,3711.34020618557,0.0,0.0,0.0,0.0,0.0,3092.78350515464
2584,3092.78350515464,0.0,1737.50628865979,3711.34020618557,0.0,0.0,0.0,0.0,0.0,3092.78350515464
2585,3092.78350515464,0.0,0.0,2308.77649484536,0.0,0.0,0.0,0.0,0.0,3092.78350515464
2586,0.0,0.0,0.0,0.0,0.0,0.0,3000.0,0.0,0.0,3000.0
2587,0.0,0.0,0.0,0.0,0.0,0.0,3000.0,0.0,0.0,3000.0
2588,0.0,0.0,0.0,0.0,0.0,0.0,3000.0,0.0,0.0,3000.0
2589,0.0,0.0,0.0,0.0,0.0,0.0,3000.0,0.0,0.0,3000.0
2590,0.0,0.0,0.0,0.0,0.0,0.0,3000.0,0.0,0.0,3000.0
2591,0.0,0.0,0.0,0.0,0.0,0.0,0.0,0.0,0.0,0.0
2592,0.0,0.0,0.0,0.0,0.0,0.0,0.0,0.0,0.0,0.0
2593,0.0,0.0,0.0,0.0,0.0,0.0,0.0,0.0,0.0,0.0
2594,0.0,0.0,0.0,0.0,0.0,0.0,0.0,0.0,0.0,0.0
2595,0.0,0.0,0.0,0.0,0.0,0.0,0.0,0.0,0.0,0.0
2596,0.0,0.0,0.0,0.0,0.0,0.0,0.0,0.0,0.0,0.0
2597,773.19587628866,0.0,-1.13686837721616e-13,2762.19912371134,0.0,0.0,0.0,0.0,0.0,773.19587628866
2598,3092.78350515464,0.0,2150.83128865979,3711.34020618557,0.0,0.0,0.0,0.0,0.0,3092.78350515464
2599,3092.78350515464,0.0,4360.7662886598,3711.34020618557,0.0,0.0,0.0,0.0,0.0,3092.78350515464
2600,3092.78350515464,0.0,4763.8912886598,3711.34020618557,0.0,0.0,0.0,0.0,0.0,3092.78350515464
2601,3092.78350515464,0.0,4615.55628865979,3711.34020618557,0.0,0.0,0.0,0.0,0.0,3092.78350515464
2602,3092.78350515464,0.0,3514.07628865979,3711.34020618557,0.0,0.0,0.0,0.0,0.0,3092.78350515464
2603,3092.78350515464,0.0,2428.06128865979,3711.34020618557,0.0,0.0,0.0,0.0,0.0,3092.78350515464
2604,3092.78350515464,0.0,2036.29128865979,3711.34020618557,0.0,0.0,0.0,0.0,0.0,3092.78350515464
2605,3092.78350515464,0.0,2457.17628865979,3711.34020618557,0.0,0.0,0.0,0.0,0.0,3092.78350515464
2606,3092.78350515464,0.0,1263.64128865979,3711.34020618557,0.0,0.0,0.0,0.0,0.0,3092.78350515464
2607,3092.78350515464,0.0,307.691288659793,3711.34020618557,0.0,0.0,0.0,0.0,0.0,3092.78350515464
2608,1262.886,0.0,0.0,0.0,0.0,0.0,1775.00058,0.0,0.0,3037.88658
2609,1866.42,0.0,0.0,0.0,0.0,0.0,1189.5726,0.0,0.0,3055.9926
2610,0.0,0.0,0.0,0.0,0.0,0.0,3000.0,0.0,0.0,3000.0
2611,0.0,0.0,0.0,0.0,0.0,0.0,3000.0,0.0,0.0,3000.0
2612,0.0,0.0,0.0,0.0,0.0,0.0,3000.0,0.0,0.0,3000.0
2613,0.0,0.0,0.0,0.0,0.0,0.0,3000.0,0.0,0.0,3000.0
2614,0.0,0.0,0.0,0.0,0.0,0.0,3000.0,0.0,0.0,3000.0
2615,0.0,0.0,0.0,0.0,0.0,0.0,0.0,0.0,0.0,0.0
2616,0.0,0.0,0.0,0.0,0.0,0.0,0.0,0.0,0.0,0.0
2617,0.0,0.0,0.0,0.0,0.0,0.0,0.0,0.0,0.0,0.0
2618,0.0,0.0,0.0,0.0,0.0,0.0,0.0,0.0,0.0,0.0
2619,0.0,0.0,0.0,0.0,0.0,0.0,0.0,0.0,0.0,0.0
2620,0.0,0.0,0.0,0.0,0.0,0.0,0.0,0.0,0.0,0.0
2621,773.19587628866,0.0,-1.13686837721616e-13,2711.31912371134,0.0,0.0,0.0,0.0,0.0,773.19587628866
2622,3092.78350515464,0.0,951.791288659792,3711.34020618557,0.0,0.0,0.0,0.0,0.0,3092.78350515464
2623,3092.78350515464,0.0,3552.10128865979,3711.34020618557,0.0,0.0,0.0,0.0,0.0,3092.78350515464
2624,3092.78350515464,0.0,3411.25128865979,3711.34020618557,0.0,0.0,0.0,0.0,0.0,3092.78350515464
2625,3092.78350515464,0.0,3783.08628865979,3711.34020618557,0.0,0.0,0.0,0.0,0.0,3092.78350515464
2626,3092.78350515464,0.0,3216.91128865979,3711.34020618557,0.0,0.0,0.0,0.0,0.0,3092.78350515464
2627,3092.78350515464,0.0,2315.99628865979,3711.34020618557,0.0,0.0,0.0,0.0,0.0,3092.78350515464
2628,3092.78350515464,0.0,2048.99628865979,3711.34020618557,0.0,0.0,0.0,0.0,0.0,3092.78350515464
2629,3092.78350515464,0.0,2395.21128865979,3711.34020618557,0.0,0.0,0.0,0.0,0.0,3092.78350515464
2630,3092.78350515464,0.0,2940.52128865979,3711.34020618557,0.0,0.0,0.0,0.0,0.0,3092.78350515464
2631,3092.78350515464,0.0,3133.75128865979,3711.34020618557,0.0,0.0,0.0,0.0,0.0,3092.78350515464
2632,3092.78350515464,0.0,1281.02628865979,3711.34020618557,0.0,0.0,0.0,0.0,0.0,3092.78350515464
2633,3092.78350515464,0.0,0.0,2058.39649484536,0.0,0.0,0.0,0.0,0.0,3092.78350515464
2634,0.0,0.0,0.0,0.0,0.0,0.0,3000.0,0.0,0.0,3000.0
2635,0.0,0.0,0.0,0.0,0.0,0.0,3000.0,0.0,0.0,3000.0
2636,0.0,0.0,0.0,0.0,0.0,0.0,3000.0,0.0,0.0,3000.0
2637,0.0,0.0,0.0,0.0,0.0,0.0,3000.0,0.0,0.0,3000.0
2638,0.0,0.0,0.0,0.0,0.0,0.0,3000.0,0.0,0.0,3000.0
2639,0.0,0.0,0.0,0.0,0.0,0.0,0.0,0.0,0.0,0.0
2640,0.0,0.0,0.0,0.0,0.0,0.0,0.0,0.0,0.0,0.0
2641,0.0,0.0,0.0,0.0,0.0,0.0,0.0,0.0,0.0,0.0
2642,0.0,0.0,0.0,0.0,0.0,0.0,0.0,0.0,0.0,0.0
2643,0.0,0.0,0.0,0.0,0.0,0.0,0.0,0.0,0.0,0.0
2644,0.0,0.0,0.0,0.0,0.0,0.0,0.0,0.0,0.0,0.0
2645,773.19587628866,0.0,-1.13686837721616e-13,2990.67912371134,0.0,0.0,0.0,0.0,0.0,773.19587628866
2646,3092.78350515464,0.0,1832.74128865979,3711.34020618557,0.0,0.0,0.0,0.0,0.0,3092.78350515464
2647,3092.78350515464,0.0,4089.01128865979,3711.34020618557,0.0,0.0,0.0,0.0,0.0,3092.78350515464
2648,3092.78350515464,0.0,4249.96128865979,3711.34020618557,0.0,0.0,0.0,0.0,0.0,3092.78350515464
2649,3092.78350515464,0.0,4488.86628865979,3711.34020618557,0.0,0.0,0.0,0.0,0.0,3092.78350515464
2650,3092.78350515464,0.0,3690.80628865979,3711.34020618557,0.0,0.0,0.0,0.0,0.0,3092.78350515464
2651,3092.78350515464,0.0,2735.57628865979,3711.34020618557,0.0,0.0,0.0,0.0,0.0,3092.78350515464
2652,3092.78350515464,0.0,2324.30628865979,3711.34020618557,0.0,0.0,0.0,0.0,0.0,3092.78350515464
2653,3092.78350515464,0.0,2184.94128865979,3711.34020618557,0.0,0.0,0.0,0.0,0.0,3092.78350515464
2654,3092.78350515464,0.0,3022.84128865979,3711.34020618557,0.0,0.0,0.0,0.0,0.0,3092.78350515464
2655,3092.78350515464,0.0,696.116288659793,3711.34020618557,0.0,0.0,0.0,0.0,0.0,3092.78350515464
2656,3092.78350515464,0.0,0.0,2500.26649484536,0.0,0.0,0.0,0.0,0.0,3092.78350515464
2657,3092.78350515464,0.0,0.0,1351.02649484536,0.0,0.0,0.0,0.0,0.0,3092.78350515464
2658,0.0,0.0,0.0,0.0,0.0,0.0,3000.0,0.0,0.0,3000.0
2659,0.0,0.0,0.0,0.0,0.0,0.0,3000.0,0.0,0.0,3000.0
2660,0.0,0.0,0.0,0.0,0.0,0.0,3000.0,0.0,0.0,3000.0
2661,0.0,0.0,0.0,0.0,0.0,0.0,3000.0,0.0,0.0,3000.0
2662,0.0,0.0,0.0,0.0,0.0,0.0,3000.0,0.0,0.0,3000.0
2663,0.0,0.0,0.0,0.0,0.0,0.0,0.0,0.0,0.0,0.0
2664,0.0,0.0,0.0,0.0,0.0,0.0,0.0,0.0,0.0,0.0
2665,0.0,0.0,0.0,0.0,0.0,0.0,0.0,0.0,0.0,0.0
2666,0.0,0.0,0.0,0.0,0.0,0.0,0.0,0.0,0.0,0.0
2667,0.0,0.0,0.0,0.0,0.0,0.0,0.0,0.0,0.0,0.0
2668,0.0,0.0,0.0,0.0,0.0,0.0,0.0,0.0,0.0,0.0
2669,773.19587628866,0.0,0.0,932.40912371134,0.0,0.0,0.0,0.0,0.0,773.19587628866
2670,3092.78350515464,0.0,0.0,3683.55649484536,0.0,0.0,0.0,0.0,0.0,3092.78350515464
2671,3092.78350515464,0.0,2599.73628865979,3711.34020618557,0.0,0.0,0.0,0.0,0.0,3092.78350515464
2672,3092.78350515464,0.0,4359.29628865979,3711.34020618557,0.0,0.0,0.0,0.0,0.0,3092.78350515464
2673,3092.78350515464,0.0,4078.63128865979,3711.34020618557,0.0,0.0,0.0,0.0,0.0,3092.78350515464
2674,3092.78350515464,0.0,3839.08128865979,3711.34020618557,0.0,0.0,0.0,0.0,0.0,3092.78350515464
2675,3092.78350515464,0.0,2816.03628865979,3711.34020618557,0.0,0.0,0.0,0.0,0.0,3092.78350515464
2676,3092.78350515464,0.0,2389.25628865979,3711.34020618557,0.0,0.0,0.0,0.0,0.0,3092.78350515464
2677,3092.78350515464,0.0,2896.46628865979,3711.34020618557,0.0,0.0,0.0,0.0,0.0,3092.78350515464
2678,3092.78350515464,0.0,3391.97628865979,3711.34020618557,0.0,0.0,0.0,0.0,0.0,3092.78350515464
2679,3092.78350515464,0.0,3603.61128865979,3711.34020618557,0.0,0.0,0.0,0.0,0.0,3092.78350515464
2680,3092.78350515464,0.0,1938.65628865979,3711.34020618557,0.0,0.0,0.0,0.0,0.0,3092.78350515464
2681,3092.78350515464,0.0,0.0,2785.46149484536,0.0,0.0,0.0,0.0,0.0,3092.78350515464
2682,0.0,0.0,0.0,0.0,0.0,0.0,3000.0,0.0,0.0,3000.0
2683,0.0,0.0,0.0,0.0,0.0,0.0,3000.0,0.0,0.0,3000.0
2684,0.0,0.0,0.0,0.0,0.0,0.0,3000.0,0.0,0.0,3000.0
2685,0.0,0.0,0.0,0.0,0.0,0.0,3000.0,0.0,0.0,3000.0
2686,0.0,0.0,0.0,0.0,0.0,0.0,3000.0,0.0,0.0,3000.0
2687,0.0,0.0,0.0,0.0,0.0,0.0,0.0,0.0,0.0,0.0
2688,0.0,0.0,0.0,0.0,0.0,0.0,0.0,0.0,0.0,0.0
2689,0.0,0.0,0.0,0.0,0.0,0.0,0.0,0.0,0.0,0.0
2690,0.0,0.0,0.0,0.0,0.0,0.0,0.0,0.0,0.0,0.0
2691,0.0,0.0,0.0,0.0,0.0,0.0,0.0,0.0,0.0,0.0
2692,0.0,0.0,0.0,0.0,0.0,0.0,0.0,0.0,0.0,0.0
2693,773.19587628866,0.0,-1.13686837721616e-13,3398.61912371134,0.0,0.0,0.0,0.0,0.0,773.19587628866
2694,3092.78350515464,0.0,1983.46128865979,3711.34020618557,0.0,0.0,0.0,0.0,0.0,3092.78350515464
2695,3092.78350515464,0.0,3959.66628865979,3711.34020618557,0.0,0.0,0.0,0.0,0.0,3092.78350515464
2696,3092.78350515464,0.0,4934.8912886598,3711.34020618557,0.0,0.0,0.0,0.0,0.0,3092.78350515464
2697,3092.78350515464,0.0,4926.16128865979,3711.34020618557,0.0,0.0,0.0,0.0,0.0,3092.78350515464
2698,3092.78350515464,0.0,3901.45128865979,3711.34020618557,0.0,0.0,0.0,0.0,0.0,3092.78350515464
2699,3092.78350515464,0.0,2928.13128865979,3711.34020618557,0.0,0.0,0.0,0.0,0.0,3092.78350515464
2700,3092.78350515464,0.0,2492.45628865979,3711.34020618557,0.0,0.0,0.0,0.0,0.0,3092.78350515464
2701,3092.78350515464,0.0,2990.12628865979,3711.34020618557,0.0,0.0,0.0,0.0,0.0,3092.78350515464
2702,3092.78350515464,0.0,3399.71628865979,3711.34020618557,0.0,0.0,0.0,0.0,0.0,3092.78350515464
2703,3092.78350515464,0.0,3524.83128865979,3711.34020618557,0.0,0.0,0.0,0.0,0.0,3092.78350515464
2704,3092.78350515464,0.0,1886.78628865979,3711.34020618557,0.0,0.0,0.0,0.0,0.0,3092.78350515464
2705,3092.78350515464,0.0,0.0,2765.94649484536,0.0,0.0,0.0,0.0,0.0,3092.78350515464
2706,0.0,0.0,0.0,0.0,0.0,0.0,3000.0,0.0,0.0,3000.0
2707,0.0,0.0,0.0,0.0,0.0,0.0,3000.0,0.0,0.0,3000.0
2708,0.0,0.0,0.0,0.0,0.0,0.0,3000.0,0.0,0.0,3000.0
2709,0.0,0.0,0.0,0.0,0.0,0.0,3000.0,0.0,0.0,3000.0
2710,0.0,0.0,0.0,0.0,0.0,0.0,3000.0,0.0,0.0,3000.0
2711,0.0,0.0,0.0,0.0,0.0,0.0,0.0,0.0,0.0,0.0
2712,0.0,0.0,0.0,0.0,0.0,0.0,0.0,0.0,0.0,0.0
2713,0.0,0.0,0.0,0.0,0.0,0.0,0.0,0.0,0.0,0.0
2714,0.0,0.0,0.0,0.0,0.0,0.0,0.0,0.0,0.0,0.0
2715,0.0,0.0,0.0,0.0,0.0,0.0,0.0,0.0,0.0,0.0
2716,0.0,0.0,0.0,0.0,0.0,0.0,0.0,0.0,0.0,0.0
2717,773.19587628866,0.0,928.633917525773,3711.34020618557,0.0,0.0,0.0,0.0,0.0,773.19587628866
2718,3092.78350515464,0.0,1490.18628865979,3711.34020618557,0.0,0.0,0.0,0.0,0.0,3092.78350515464
2719,3092.78350515464,0.0,3274.93128865979,3711.34020618557,0.0,0.0,0.0,0.0,0.0,3092.78350515464
2720,3092.78350515464,0.0,4106.72628865979,3711.34020618557,0.0,0.0,0.0,0.0,0.0,3092.78350515464
2721,3092.78350515464,0.0,5006.80128865979,3711.34020618557,0.0,0.0,0.0,0.0,0.0,3092.78350515464
2722,3092.78350515464,0.0,4147.85628865979,3711.34020618557,0.0,0.0,0.0,0.0,0.0,3092.78350515464
2723,3092.78350515464,0.0,3100.03128865979,3711.34020618557,0.0,0.0,0.0,0.0,0.0,3092.78350515464
2724,3092.78350515464,0.0,2644.10628865979,3711.34020618557,0.0,0.0,0.0,0.0,0.0,3092.78350515464
2725,3092.78350515464,0.0,3133.72128865979,3711.34020618557,0.0,0.0,0.0,0.0,0.0,3092.78350515464
2726,3092.78350515464,0.0,3451.97628865979,3711.34020618557,0.0,0.0,0.0,0.0,0.0,3092.78350515464
2727,3092.78350515464,0.0,3296.21628865979,3711.34020618557,0.0,0.0,0.0,0.0,0.0,3092.78350515464
2728,3092.78350515464,0.0,1116.47628865979,3711.34020618557,0.0,0.0,0.0,0.0,0.0,3092.78350515464
2729,3092.78350515464,0.0,0.0,1410.68149484536,0.0,0.0,0.0,0.0,0.0,3092.78350515464
2730,0.0,0.0,0.0,0.0,0.0,0.0,3000.0,0.0,0.0,3000.0
2731,0.0,0.0,0.0,0.0,0.0,0.0,3000.0,0.0,0.0,3000.0
2732,0.0,0.0,0.0,0.0,0.0,0.0,3000.0,0.0,0.0,3000.0
2733,0.0,0.0,0.0,0.0,0.0,0.0,3000.0,0.0,0.0,3000.0
2734,0.0,0.0,0.0,0.0,0.0,0.0,3000.0,0.0,0.0,3000.0
2735,0.0,0.0,0.0,0.0,0.0,0.0,0.0,0.0,0.0,0.0
2736,0.0,0.0,0.0,0.0,0.0,0.0,0.0,0.0,0.0,0.0
2737,0.0,0.0,0.0,0.0,0.0,0.0,0.0,0.0,0.0,0.0
2738,0.0,0.0,0.0,0.0,0.0,0.0,0.0,0.0,0.0,0.0
2739,0.0,0.0,0.0,0.0,0.0,0.0,0.0,0.0,0.0,0.0
2740,0.0,0.0,0.0,0.0,0.0,0.0,0.0,0.0,0.0,0.0
2741,304.59,0.0,0.0,0.0,0.0,0.0,454.5477,0.0,0.0,759.1377
2742,3092.78350515464,0.0,0.0,1226.58649484536,0.0,0.0,0.0,0.0,0.0,3092.78350515464
2743,3092.78350515464,0.0,909.536288659793,3711.34020618557,0.0,0.0,0.0,0.0,0.0,3092.78350515464
2744,3092.78350515464,0.0,3730.24128865979,3711.34020618557,0.0,0.0,0.0,0.0,0.0,3092.78350515464
2745,3092.78350515464,0.0,4447.27128865979,3711.34020618557,0.0,0.0,0.0,0.0,0.0,3092.78350515464
2746,3092.78350515464,0.0,0.0,320.70649484536,0.0,0.0,0.0,0.0,0.0,3092.78350515464
2747,3092.78350515464,0.0,0.0,2883.05149484536,0.0,0.0,0.0,0.0,0.0,3092.78350515464
2748,3092.78350515464,0.0,0.0,1779.23149484536,0.0,0.0,0.0,0.0,0.0,3092.78350515464
2749,3092.78350515464,0.0,0.0,2584.86649484536,0.0,0.0,0.0,0.0,0.0,3092.78350515464
2750,3092.78350515464,0.0,1007.38128865979,3711.34020618557,0.0,0.0,0.0,0.0,0.0,3092.78350515464
2751,3092.78350515464,0.0,556.526288659793,3711.34020618557,0.0,0.0,0.0,0.0,0.0,3092.78350515464
2752,3092.78350515464,0.0,0.0,1135.17649484536,0.0,0.0,0.0,0.0,0.0,3092.78350515464
2753,3092.78350515464,0.0,0.0,1863.96649484536,0.0,0.0,0.0,0.0,0.0,3092.78350515464
2754,0.0,0.0,0.0,0.0,0.0,0.0,3000.0,0.0,0.0,3000.0
2755,0.0,0.0,0.0,0.0,0.0,0.0,3000.0,0.0,0.0,3000.0
2756,0.0,0.0,0.0,0.0,0.0,0.0,3000.0,0.0,0.0,3000.0
2757,0.0,0.0,0.0,0.0,0.0,0.0,3000.0,0.0,0.0,3000.0
2758,0.0,0.0,0.0,0.0,0.0,0.0,3000.0,0.0,0.0,3000.0
2759,0.0,0.0,0.0,0.0,0.0,0.0,0.0,0.0,0.0,0.0
2760,0.0,0.0,0.0,0.0,0.0,0.0,0.0,0.0,0.0,0.0
2761,0.0,0.0,0.0,0.0,0.0,0.0,0.0,0.0,0.0,0.0
2762,0.0,0.0,0.0,0.0,0.0,0.0,0.0,0.0,0.0,0.0
2763,0.0,0.0,0.0,0.0,0.0,0.0,0.0,0.0,0.0,0.0
2764,0.0,0.0,0.0,0.0,0.0,0.0,0.0,0.0,0.0,0.0
2765,773.19587628866,0.0,-1.13686837721616e-13,2123.85912371134,0.0,0.0,0.0,0.0,0.0,773.19587628866
2766,3092.78350515464,0.0,1809.89628865979,3711.34020618557,0.0,0.0,0.0,0.0,0.0,3092.78350515464
2767,3092.78350515464,0.0,3752.8912886598,3711.34020618557,0.0,0.0,0.0,0.0,0.0,3092.78350515464
2768,3092.78350515464,0.0,4650.92628865979,3711.34020618557,0.0,0.0,0.0,0.0,0.0,3092.78350515464
2769,3092.78350515464,0.0,4616.9962886598,3711.34020618557,0.0,0.0,0.0,0.0,0.0,3092.78350515464
2770,3092.78350515464,0.0,3581.69628865979,3711.34020618557,0.0,0.0,0.0,0.0,0.0,3092.78350515464
2771,3092.78350515464,0.0,2707.73628865979,3711.34020618557,0.0,0.0,0.0,0.0,0.0,3092.78350515464
2772,3092.78350515464,0.0,2335.30128865979,3711.34020618557,0.0,0.0,0.0,0.0,0.0,3092.78350515464
2773,3092.78350515464,0.0,2650.03128865979,3711.34020618557,0.0,0.0,0.0,0.0,0.0,3092.78350515464
2774,3092.78350515464,0.0,2466.44628865979,3711.34020618557,0.0,0.0,0.0,0.0,0.0,3092.78350515464
2775,3092.78350515464,0.0,3142.70628865979,3711.34020618557,0.0,0.0,0.0,0.0,0.0,3092.78350515464
2776,3092.78350515464,0.0,188.576288659793,3711.34020618557,0.0,0.0,0.0,0.0,0.0,3092.78350515464
2777,2151.645,0.0,0.0,0.0,0.0,0.0,912.90435,0.0,0.0,3064.5493500000002
2778,0.0,0.0,0.0,0.0,0.0,0.0,3000.0,0.0,0.0,3000.0
2779,0.0,0.0,0.0,0.0,0.0,0.0,3000.0,0.0,0.0,3000.0
2780,0.0,0.0,0.0,0.0,0.0,0.0,3000.0,0.0,0.0,3000.0
2781,0.0,0.0,0.0,0.0,0.0,0.0,3000.0,0.0,0.0,3000.0
2782,0.0,0.0,0.0,0.0,0.0,0.0,3000.0,0.0,0.0,3000.0
2783,0.0,0.0,0.0,0.0,0.0,0.0,0.0,0.0,0.0,0.0
2784,0.0,0.0,0.0,0.0,0.0,0.0,0.0,0.0,0.0,0.0
2785,0.0,0.0,0.0,0.0,0.0,0.0,0.0,0.0,0.0,0.0
2786,0.0,0.0,0.0,0.0,0.0,0.0,0.0,0.0,0.0,0.0
2787,0.0,0.0,0.0,0.0,0.0,0.0,0.0,0.0,0.0,0.0
2788,0.0,0.0,0.0,0.0,0.0,0.0,0.0,0.0,0.0,0.0
2789,773.19587628866,0.0,-1.13686837721616e-13,1392.60912371134,0.0,0.0,0.0,0.0,0.0,773.19587628866
2790,3092.78350515464,0.0,1001.86128865979,3711.34020618557,0.0,0.0,0.0,0.0,0.0,3092.78350515464
2791,3092.78350515464,0.0,1297.64628865979,3711.34020618557,0.0,0.0,0.0,0.0,0.0,3092.78350515464
2792,3092.78350515464,0.0,3523.03128865979,3711.34020618557,0.0,0.0,0.0,0.0,0.0,3092.78350515464
2793,3092.78350515464,0.0,4140.7912886598,3711.34020618557,0.0,0.0,0.0,0.0,0.0,3092.78350515464
2794,3092.78350515464,0.0,2187.01128865979,3711.34020618557,0.0,0.0,0.0,0.0,0.0,3092.78350515464
2795,1998.645,0.0,0.0,0.0,0.0,0.0,1061.31435,0.0,0.0,3059.95935
2796,3092.78350515464,0.0,0.0,2724.32149484536,0.0,0.0,0.0,0.0,0.0,3092.78350515464
2797,3092.78350515464,0.0,0.0,2651.12149484536,0.0,0.0,0.0,0.0,0.0,3092.78350515464
2798,3092.78350515464,0.0,0.0,3368.93149484536,0.0,0.0,0.0,0.0,0.0,3092.78350515464
2799,3092.78350515464,0.0,0.0,765.93649484536,0.0,0.0,0.0,0.0,0.0,3092.78350515464
2800,3092.78350515464,0.0,0.0,3022.34149484536,0.0,0.0,0.0,0.0,0.0,3092.78350515464
2801,3092.78350515464,0.0,0.0,2148.38149484536,0.0,0.0,0.0,0.0,0.0,3092.78350515464
2802,0.0,0.0,0.0,0.0,0.0,0.0,3000.0,0.0,0.0,3000.0
2803,0.0,0.0,0.0,0.0,0.0,0.0,3000.0,0.0,0.0,3000.0
2804,0.0,0.0,0.0,0.0,0.0,0.0,3000.0,0.0,0.0,3000.0
2805,0.0,0.0,0.0,0.0,0.0,0.0,3000.0,0.0,0.0,3000.0
2806,0.0,0.0,0.0,0.0,0.0,0.0,3000.0,0.0,0.0,3000.0
2807,0.0,0.0,0.0,0.0,0.0,0.0,0.0,0.0,0.0,0.0
2808,0.0,0.0,0.0,0.0,0.0,0.0,0.0,0.0,0.0,0.0
2809,0.0,0.0,0.0,0.0,0.0,0.0,0.0,0.0,0.0,0.0
2810,0.0,0.0,0.0,0.0,0.0,0.0,0.0,0.0,0.0,0.0
2811,0.0,0.0,0.0,0.0,0.0,0.0,0.0,0.0,0.0,0.0
2812,0.0,0.0,0.0,0.0,0.0,0.0,0.0,0.0,0.0,0.0
2813,773.19587628866,0.0,74.5789175257727,3711.34020618557,0.0,0.0,0.0,0.0,0.0,773.19587628866
2814,3092.78350515464,0.0,2033.74128865979,3711.34020618557,0.0,0.0,0.0,0.0,0.0,3092.78350515464
2815,3092.78350515464,0.0,4125.08628865979,3711.34020618557,0.0,0.0,0.0,0.0,0.0,3092.78350515464
2816,3092.78350515464,0.0,4685.54628865979,3711.34020618557,0.0,0.0,0.0,0.0,0.0,3092.78350515464
2817,3092.78350515464,0.0,4542.65628865979,3711.34020618557,0.0,0.0,0.0,0.0,0.0,3092.78350515464
2818,3092.78350515464,0.0,3998.36628865979,3711.34020618557,0.0,0.0,0.0,0.0,0.0,3092.78350515464
2819,3092.78350515464,0.0,3075.08628865979,3711.34020618557,0.0,0.0,0.0,0.0,0.0,3092.78350515464
2820,3092.78350515464,0.0,2543.15628865979,3711.34020618557,0.0,0.0,0.0,0.0,0.0,3092.78350515464
2821,3092.78350515464,0.0,2771.35128865979,3711.34020618557,0.0,0.0,0.0,0.0,0.0,3092.78350515464
2822,3092.78350515464,0.0,3232.69128865979,3711.34020618557,0.0,0.0,0.0,0.0,0.0,3092.78350515464
2823,3092.78350515464,0.0,0.0,3315.17149484536,0.0,0.0,0.0,0.0,0.0,3092.78350515464
2824,3092.78350515464,0.0,1905.32628865979,3711.34020618557,0.0,0.0,0.0,0.0,0.0,3092.78350515464
2825,3092.78350515464,0.0,0.0,1841.93149484536,0.0,0.0,0.0,0.0,0.0,3092.78350515464
2826,0.0,0.0,0.0,0.0,0.0,0.0,3000.0,0.0,0.0,3000.0
2827,0.0,0.0,0.0,0.0,0.0,0.0,3000.0,0.0,0.0,3000.0
2828,0.0,0.0,0.0,0.0,0.0,0.0,3000.0,0.0,0.0,3000.0
2829,0.0,0.0,0.0,0.0,0.0,0.0,3000.0,0.0,0.0,3000.0
2830,0.0,0.0,0.0,0.0,0.0,0.0,3000.0,0.0,0.0,3000.0
2831,0.0,0.0,0.0,0.0,0.0,0.0,0.0,0.0,0.0,0.0
2832,0.0,0.0,0.0,0.0,0.0,0.0,0.0,0.0,0.0,0.0
2833,0.0,0.0,0.0,0.0,0.0,0.0,0.0,0.0,0.0,0.0
2834,0.0,0.0,0.0,0.0,0.0,0.0,0.0,0.0,0.0,0.0
2835,0.0,0.0,0.0,0.0,0.0,0.0,0.0,0.0,0.0,0.0
2836,0.0,0.0,0.0,0.0,0.0,0.0,0.0,0.0,0.0,0.0
2837,773.19587628866,0.0,2128.37891752577,3711.34020618557,0.0,0.0,0.0,0.0,0.0,773.19587628866
2838,3092.78350515464,0.0,3443.12628865979,3711.34020618557,0.0,0.0,0.0,0.0,0.0,3092.78350515464
2839,3092.78350515464,0.0,5020.0162886598,3711.34020618557,0.0,0.0,0.0,0.0,0.0,3092.78350515464
2840,3092.78350515464,0.0,5328.76128865979,3711.34020618557,0.0,0.0,0.0,0.0,0.0,3092.78350515464
2841,3092.78350515464,0.0,4870.60128865979,3711.34020618557,0.0,0.0,0.0,0.0,0.0,3092.78350515464
2842,3092.78350515464,0.0,3659.06628865979,3711.34020618557,0.0,0.0,0.0,0.0,0.0,3092.78350515464
2843,3092.78350515464,0.0,3183.91128865979,3711.34020618557,0.0,0.0,0.0,0.0,0.0,3092.78350515464
2844,3092.78350515464,0.0,2799.47628865979,3711.34020618557,0.0,0.0,0.0,0.0,0.0,3092.78350515464
2845,3092.78350515464,0.0,3211.37628865979,3711.34020618557,0.0,0.0,0.0,0.0,0.0,3092.78350515464
2846,3092.78350515464,0.0,3932.86128865979,3711.34020618557,0.0,0.0,0.0,0.0,0.0,3092.78350515464
2847,3092.78350515464,0.0,3751.30128865979,3711.34020618557,0.0,0.0,0.0,0.0,0.0,3092.78350515464
2848,3092.78350515464,0.0,2602.93128865979,3711.34020618557,0.0,0.0,0.0,0.0,0.0,3092.78350515464
2849,3092.78350515464,0.0,496.241288659793,3711.34020618557,0.0,0.0,0.0,0.0,0.0,3092.78350515464
2850,0.0,0.0,0.0,0.0,0.0,0.0,3000.0,0.0,0.0,3000.0
2851,0.0,0.0,0.0,0.0,0.0,0.0,3000.0,0.0,0.0,3000.0
2852,0.0,0.0,0.0,0.0,0.0,0.0,3000.0,0.0,0.0,3000.0
2853,0.0,0.0,0.0,0.0,0.0,0.0,3000.0,0.0,0.0,3000.0
2854,0.0,0.0,0.0,0.0,0.0,0.0,3000.0,0.0,0.0,3000.0
2855,0.0,0.0,0.0,0.0,0.0,0.0,0.0,0.0,0.0,0.0
2856,0.0,0.0,0.0,0.0,0.0,0.0,0.0,0.0,0.0,0.0
2857,0.0,0.0,0.0,0.0,0.0,0.0,0.0,0.0,0.0,0.0
2858,0.0,0.0,0.0,0.0,0.0,0.0,0.0,0.0,0.0,0.0
2859,0.0,0.0,0.0,0.0,0.0,0.0,0.0,0.0,0.0,0.0
2860,0.0,0.0,0.0,0.0,0.0,0.0,0.0,0.0,0.0,0.0
2861,773.19587628866,0.0,0.0,250.32762371134,0.0,0.0,0.0,0.0,0.0,773.19587628866
2862,2359.365,0.0,0.0,0.0,0.0,0.0,711.41595,0.0,0.0,3070.78095
2863,3092.78350515464,0.0,0.0,3434.31649484536,0.0,0.0,0.0,0.0,0.0,3092.78350515464
2864,3092.78350515464,0.0,331.481288659793,3711.34020618557,0.0,0.0,0.0,0.0,0.0,3092.78350515464
2865,3092.78350515464,0.0,690.521288659794,3711.34020618557,0.0,0.0,0.0,0.0,0.0,3092.78350515464
2866,3092.78350515464,0.0,1499.41128865979,3711.34020618557,0.0,0.0,0.0,0.0,0.0,3092.78350515464
2867,3092.78350515464,0.0,1466.78628865979,3711.34020618557,0.0,0.0,0.0,0.0,0.0,3092.78350515464
2868,3092.78350515464,0.0,0.0,2890.02649484536,0.0,0.0,0.0,0.0,0.0,3092.78350515464
2869,3092.78350515464,0.0,0.0,2643.20149484536,0.0,0.0,0.0,0.0,0.0,3092.78350515464
2870,2207.07,0.0,0.0,0.0,0.0,0.0,859.1421,0.0,0.0,3066.2121
2871,3092.78350515464,0.0,0.0,944.48149484536,0.0,0.0,0.0,0.0,0.0,3092.78350515464
2872,2361.06,0.0,0.0,0.0,0.0,0.0,709.7718,0.0,0.0,3070.8318
2873,3092.78350515464,0.0,0.0,1012.17649484536,0.0,0.0,0.0,0.0,0.0,3092.78350515464
2874,0.0,0.0,0.0,0.0,0.0,0.0,3000.0,0.0,0.0,3000.0
2875,0.0,0.0,0.0,0.0,0.0,0.0,3000.0,0.0,0.0,3000.0
2876,0.0,0.0,0.0,0.0,0.0,0.0,3000.0,0.0,0.0,3000.0
2877,0.0,0.0,0.0,0.0,0.0,0.0,3000.0,0.0,0.0,3000.0
2878,0.0,0.0,0.0,0.0,0.0,0.0,3000.0,0.0,0.0,3000.0
2879,0.0,0.0,0.0,0.0,0.0,0.0,0.0,0.0,0.0,0.0
2880,0.0,0.0,0.0,0.0,0.0,0.0,0.0,0.0,0.0,0.0
2881,0.0,0.0,0.0,0.0,0.0,0.0,0.0,0.0,0.0,0.0
2882,0.0,0.0,0.0,0.0,0.0,0.0,0.0,0.0,0.0,0.0
2883,0.0,0.0,0.0,0.0,0.0,0.0,0.0,0.0,0.0,0.0
2884,0.0,0.0,0.0,63.5883,0.0,0.0,0.0,0.0,0.0,0.0
2885,740.3925,0.0,0.0,0.0,0.0,0.0,31.8192750000001,0.0,0.0,772.2117750000001
2886,1979.43,0.0,0.0,0.0,0.0,0.0,1079.9529,0.0,0.0,3059.3829
2887,3092.78350515464,0.0,0.0,1653.57649484536,0.0,0.0,0.0,0.0,0.0,3092.78350515464
2888,3092.78350515464,0.0,0.0,3026.99149484536,0.0,0.0,0.0,0.0,0.0,3092.78350515464
2889,3092.78350515464,0.0,4931.74128865979,3711.34020618557,0.0,0.0,0.0,0.0,0.0,3092.78350515464
2890,3092.78350515464,0.0,2435.17128865979,3711.34020618557,0.0,0.0,0.0,0.0,0.0,3092.78350515464
2891,3092.78350515464,0.0,0.0,782.976494845361,0.0,0.0,0.0,0.0,0.0,3092.78350515464
2892,3092.78350515464,0.0,0.0,1828.82149484536,0.0,0.0,0.0,0.0,0.0,3092.78350515464
2893,3092.78350515464,0.0,0.0,1931.61649484536,0.0,0.0,0.0,0.0,0.0,3092.78350515464
2894,3092.78350515464,0.0,0.0,667.56649484536,0.0,0.0,0.0,0.0,0.0,3092.78350515464
2895,1324.677,0.0,0.0,0.0,0.0,0.0,1715.06331,0.0,0.0,3039.74031
2896,223.7445,0.0,0.0,0.0,0.0,0.0,2782.967835,0.0,0.0,3006.7123349999997
2897,1438.824,0.0,0.0,0.0,0.0,0.0,1604.34072,0.0,0.0,3043.1647199999998
2898,0.0,0.0,0.0,0.0,0.0,0.0,3000.0,0.0,0.0,3000.0
2899,0.0,0.0,0.0,0.0,0.0,0.0,3000.0,0.0,0.0,3000.0
2900,0.0,0.0,0.0,0.0,0.0,0.0,3000.0,0.0,0.0,3000.0
2901,0.0,0.0,0.0,0.0,0.0,0.0,3000.0,0.0,0.0,3000.0
2902,0.0,0.0,0.0,0.0,0.0,0.0,3000.0,0.0,0.0,3000.0
2903,0.0,0.0,0.0,0.0,0.0,0.0,0.0,0.0,0.0,0.0
2904,0.0,0.0,0.0,0.0,0.0,0.0,0.0,0.0,0.0,0.0
2905,0.0,0.0,0.0,0.0,0.0,0.0,0.0,0.0,0.0,0.0
2906,0.0,0.0,0.0,0.0,0.0,0.0,0.0,0.0,0.0,0.0
2907,0.0,0.0,0.0,0.0,0.0,0.0,0.0,0.0,0.0,0.0
2908,0.0,0.0,0.0,0.0,0.0,0.0,0.0,0.0,0.0,0.0
2909,134.3703,0.0,0.0,0.0,0.0,0.0,619.660809,0.0,0.0,754.031109
2910,659.6085,0.0,0.0,0.0,0.0,0.0,2360.179755,0.0,0.0,3019.7882550000004
2911,1840.05,0.0,0.0,0.0,0.0,0.0,1215.1515,0.0,0.0,3055.2015
2912,1583.16,0.0,0.0,0.0,0.0,0.0,1464.3348,0.0,0.0,3047.4948000000004
2913,2813.295,0.0,0.0,0.0,0.0,0.0,271.10385,0.0,0.0,3084.39885
2914,1326.477,0.0,0.0,0.0,0.0,0.0,1713.31731,0.0,0.0,3039.79431
2915,3092.78350515464,0.0,0.0,3333.54649484536,0.0,0.0,0.0,0.0,0.0,3092.78350515464
2916,3092.78350515464,0.0,0.0,1873.77649484536,0.0,0.0,0.0,0.0,0.0,3092.78350515464
2917,3092.78350515464,0.0,1347.89628865979,3711.34020618557,0.0,0.0,0.0,0.0,0.0,3092.78350515464
2918,3092.78350515464,0.0,2567.15628865979,3711.34020618557,0.0,0.0,0.0,0.0,0.0,3092.78350515464
2919,3092.78350515464,0.0,2892.04128865979,3711.34020618557,0.0,0.0,0.0,0.0,0.0,3092.78350515464
2920,3092.78350515464,0.0,0.0,1901.33149484536,0.0,0.0,0.0,0.0,0.0,3092.78350515464
2921,3092.78350515464,0.0,0.0,3332.49649484536,0.0,0.0,0.0,0.0,0.0,3092.78350515464
2922,1936.53,0.0,0.0,0.0,0.0,0.0,1121.5659,0.0,0.0,3058.0959000000003
2923,0.0,0.0,0.0,0.0,0.0,0.0,3000.0,0.0,0.0,3000.0
2924,0.0,0.0,0.0,0.0,0.0,0.0,3000.0,0.0,0.0,3000.0
2925,0.0,0.0,0.0,0.0,0.0,0.0,3000.0,0.0,0.0,3000.0
2926,0.0,0.0,0.0,0.0,0.0,0.0,3000.0,0.0,0.0,3000.0
2927,0.0,0.0,0.0,0.0,0.0,0.0,0.0,0.0,0.0,0.0
2928,0.0,0.0,0.0,0.0,0.0,0.0,0.0,0.0,0.0,0.0
2929,0.0,0.0,0.0,0.0,0.0,0.0,0.0,0.0,0.0,0.0
2930,0.0,0.0,0.0,0.0,0.0,0.0,0.0,0.0,0.0,0.0
2931,0.0,0.0,0.0,0.0,0.0,0.0,0.0,0.0,0.0,0.0
2932,0.0,0.0,0.0,769.593,0.0,0.0,0.0,0.0,0.0,0.0
2933,773.19587628866,0.0,1716.23891752577,3711.34020618557,0.0,0.0,0.0,0.0,0.0,773.19587628866
2934,3092.78350515464,0.0,615.266288659793,3711.34020618557,0.0,0.0,0.0,0.0,0.0,3092.78350515464
2935,3092.78350515464,0.0,1187.36628865979,3711.34020618557,0.0,0.0,0.0,0.0,0.0,3092.78350515464
2936,2148.15,0.0,0.0,0.0,0.0,0.0,916.2945,0.0,0.0,3064.4445
2937,2104.14,0.0,0.0,0.0,0.0,0.0,958.9842,0.0,0.0,3063.1241999999997
2938,3038.28,0.0,0.0,0.0,0.0,0.0,52.8683999999998,0.0,0.0,3091.1484
2939,3092.78350515464,0.0,0.0,339.14149484536,0.0,0.0,0.0,0.0,0.0,3092.78350515464
2940,3092.78350515464,0.0,0.0,12.0514948453606,0.0,0.0,0.0,0.0,0.0,3092.78350515464
2941,2161.71,0.0,0.0,0.0,0.0,0.0,903.1413,0.0,0.0,3064.8513000000003
2942,1030.908,0.0,0.0,0.0,0.0,0.0,2000.01924,0.0,0.0,3030.92724
2943,553.617,0.0,0.0,0.0,0.0,0.0,2462.99151,0.0,0.0,3016.60851
2944,416.799,0.0,0.0,0.0,0.0,0.0,2595.70497,0.0,0.0,3012.5039699999998
2945,236.94,0.0,0.0,0.0,0.0,0.0,2770.1682,0.0,0.0,3007.1082
2946,29.4873,0.0,0.0,0.0,0.0,0.0,2971.397319,0.0,0.0,3000.884619
2947,0.0,0.0,0.0,0.0,0.0,0.0,3000.0,0.0,0.0,3000.0
2948,0.0,0.0,0.0,0.0,0.0,0.0,3000.0,0.0,0.0,3000.0
2949,0.0,0.0,0.0,0.0,0.0,0.0,3000.0,0.0,0.0,3000.0
2950,0.0,0.0,0.0,0.0,0.0,0.0,3000.0,0.0,0.0,3000.0
2951,0.0,0.0,0.0,0.0,0.0,0.0,0.0,0.0,0.0,0.0
2952,0.0,0.0,0.0,0.0,0.0,0.0,0.0,0.0,0.0,0.0
2953,0.0,0.0,0.0,0.0,0.0,0.0,0.0,0.0,0.0,0.0
2954,0.0,0.0,0.0,0.0,0.0,0.0,0.0,0.0,0.0,0.0
2955,0.0,0.0,0.0,0.0,0.0,0.0,0.0,0.0,0.0,0.0
2956,0.0,0.0,0.0,0.0,0.0,0.0,0.0,0.0,0.0,0.0
2957,773.19587628866,0.0,0.0,640.99362371134,0.0,0.0,0.0,0.0,0.0,773.19587628866
2958,1459.4055,0.0,0.0,0.0,0.0,0.0,1584.376665,0.0,0.0,3043.782165
2959,1809.975,0.0,0.0,0.0,0.0,0.0,1244.32425,0.0,0.0,3054.29925
2960,3092.78350515464,0.0,0.0,2021.61649484536,0.0,0.0,0.0,0.0,0.0,3092.78350515464
2961,3092.78350515464,0.0,469.586288659793,3711.34020618557,0.0,0.0,0.0,0.0,0.0,3092.78350515464
2962,3092.78350515464,0.0,0.0,3685.14649484536,0.0,0.0,0.0,0.0,0.0,3092.78350515464
2963,3092.78350515464,0.0,0.0,1020.83149484536,0.0,0.0,0.0,0.0,0.0,3092.78350515464
2964,3092.78350515464,0.0,0.0,1039.47649484536,0.0,0.0,0.0,0.0,0.0,3092.78350515464
2965,2808.78,0.0,0.0,0.0,0.0,0.0,275.4834,0.0,0.0,3084.2634000000003
2966,3092.78350515464,0.0,0.0,1144.29649484536,0.0,0.0,0.0,0.0,0.0,3092.78350515464
2967,3092.78350515464,0.0,0.0,2822.01649484536,0.0,0.0,0.0,0.0,0.0,3092.78350515464
2968,3092.78350515464,0.0,741.746288659793,3711.34020618557,0.0,0.0,0.0,0.0,0.0,3092.78350515464
2969,3092.78350515464,0.0,0.0,2046.32149484536,0.0,0.0,0.0,0.0,0.0,3092.78350515464
2970,1797.525,0.0,0.0,0.0,0.0,0.0,1256.40075,0.0,0.0,3053.9257500000003
2971,0.0,0.0,0.0,0.0,0.0,0.0,3000.0,0.0,0.0,3000.0
2972,0.0,0.0,0.0,0.0,0.0,0.0,3000.0,0.0,0.0,3000.0
2973,0.0,0.0,0.0,0.0,0.0,0.0,3000.0,0.0,0.0,3000.0
2974,0.0,0.0,0.0,0.0,0.0,0.0,3000.0,0.0,0.0,3000.0
2975,0.0,0.0,0.0,0.0,0.0,0.0,0.0,0.0,0.0,0.0
2976,0.0,0.0,0.0,0.0,0.0,0.0,0.0,0.0,0.0,0.0
2977,0.0,0.0,0.0,0.0,0.0,0.0,0.0,0.0,0.0,0.0
2978,0.0,0.0,0.0,0.0,0.0,0.0,0.0,0.0,0.0,0.0
2979,0.0,0.0,0.0,0.0,0.0,0.0,0.0,0.0,0.0,0.0
2980,0.0,0.0,0.0,5.71065,0.0,0.0,0.0,0.0,0.0,0.0
2981,773.19587628866,0.0,-1.13686837721616e-13,1308.24912371134,0.0,0.0,0.0,0.0,0.0,773.19587628866
2982,3092.78350515464,0.0,2090.00628865979,3711.34020618557,0.0,0.0,0.0,0.0,0.0,3092.78350515464
2983,3092.78350515464,0.0,4267.57128865979,3711.34020618557,0.0,0.0,0.0,0.0,0.0,3092.78350515464
2984,3092.78350515464,0.0,4064.02128865979,3711.34020618557,0.0,0.0,0.0,0.0,0.0,3092.78350515464
2985,3092.78350515464,0.0,1405.34628865979,3711.34020618557,0.0,0.0,0.0,0.0,0.0,3092.78350515464
2986,2966.04,0.0,0.0,0.0,0.0,0.0,122.941200000001,0.0,0.0,3088.981200000001
2987,3092.78350515464,0.0,0.0,2689.79149484536,0.0,0.0,0.0,0.0,0.0,3092.78350515464
2988,3092.78350515464,0.0,0.0,2344.83649484536,0.0,0.0,0.0,0.0,0.0,3092.78350515464
2989,3092.78350515464,0.0,0.0,12.9514948453607,0.0,0.0,0.0,0.0,0.0,3092.78350515464
2990,2371.875,0.0,0.0,0.0,0.0,0.0,699.28125,0.0,0.0,3071.15625
2991,3092.78350515464,0.0,2253.23628865979,3711.34020618557,0.0,0.0,0.0,0.0,0.0,3092.78350515464
2992,3092.78350515464,0.0,1277.78628865979,3711.34020618557,0.0,0.0,0.0,0.0,0.0,3092.78350515464
2993,3092.78350515464,0.0,335.531288659793,3711.34020618557,0.0,0.0,0.0,0.0,0.0,3092.78350515464
2994,1612.395,0.0,0.0,0.0,0.0,0.0,1435.97685,0.0,0.0,3048.37185
2995,0.0,0.0,0.0,0.0,0.0,0.0,3000.0,0.0,0.0,3000.0
2996,0.0,0.0,0.0,0.0,0.0,0.0,3000.0,0.0,0.0,3000.0
2997,0.0,0.0,0.0,0.0,0.0,0.0,3000.0,0.0,0.0,3000.0
2998,0.0,0.0,0.0,0.0,0.0,0.0,3000.0,0.0,0.0,3000.0
2999,0.0,0.0,0.0,0.0,0.0,0.0,0.0,0.0,0.0,0.0
3000,0.0,0.0,0.0,0.0,0.0,0.0,0.0,0.0,0.0,0.0
3001,0.0,0.0,0.0,0.0,0.0,0.0,0.0,0.0,0.0,0.0
3002,0.0,0.0,0.0,0.0,0.0,0.0,0.0,0.0,0.0,0.0
3003,0.0,0.0,0.0,0.0,0.0,0.0,0.0,0.0,0.0,0.0
3004,0.0,0.0,0.0,190.5105,0.0,0.0,0.0,0.0,0.0,0.0
3005,773.19587628866,0.0,1303.27391752577,3711.34020618557,0.0,0.0,0.0,0.0,0.0,773.19587628866
3006,1561.605,0.0,0.0,0.0,0.0,0.0,1485.24315,0.0,0.0,3046.84815
3007,3092.78350515464,0.0,2777.69628865979,3711.34020618557,0.0,0.0,0.0,0.0,0.0,3092.78350515464
3008,3092.78350515464,0.0,2028.10128865979,3711.34020618557,0.0,0.0,0.0,0.0,0.0,3092.78350515464
3009,3092.78350515464,0.0,163.841288659793,3711.34020618557,0.0,0.0,0.0,0.0,0.0,3092.78350515464
3010,2766.33,0.0,0.0,0.0,0.0,0.0,316.6599,0.0,0.0,3082.9899
3011,2383.695,0.0,0.0,0.0,0.0,0.0,687.81585,0.0,0.0,3071.51085
3012,3092.78350515464,0.0,0.0,43.7764948453605,0.0,0.0,0.0,0.0,0.0,3092.78350515464
3013,3092.78350515464,0.0,1140.22128865979,3711.34020618557,0.0,0.0,0.0,0.0,0.0,3092.78350515464
3014,3092.78350515464,0.0,2946.34128865979,3711.34020618557,0.0,0.0,0.0,0.0,0.0,3092.78350515464
3015,3092.78350515464,0.0,1371.70128865979,3711.34020618557,0.0,0.0,0.0,0.0,0.0,3092.78350515464
3016,3092.78350515464,0.0,1352.87628865979,3711.34020618557,0.0,0.0,0.0,0.0,0.0,3092.78350515464
3017,3092.78350515464,0.0,0.0,3541.77649484536,0.0,0.0,0.0,0.0,0.0,3092.78350515464
3018,2693.265,0.0,0.0,0.0,0.0,0.0,387.53295,0.0,0.0,3080.79795
3019,0.0,0.0,0.0,0.0,0.0,0.0,3000.0,0.0,0.0,3000.0
3020,0.0,0.0,0.0,0.0,0.0,0.0,3000.0,0.0,0.0,3000.0
3021,0.0,0.0,0.0,0.0,0.0,0.0,3000.0,0.0,0.0,3000.0
3022,0.0,0.0,0.0,0.0,0.0,0.0,3000.0,0.0,0.0,3000.0
3023,0.0,0.0,0.0,0.0,0.0,0.0,0.0,0.0,0.0,0.0
3024,0.0,0.0,0.0,0.0,0.0,0.0,0.0,0.0,0.0,0.0
3025,0.0,0.0,0.0,0.0,0.0,0.0,0.0,0.0,0.0,0.0
3026,0.0,0.0,0.0,0.0,0.0,0.0,0.0,0.0,0.0,0.0
3027,0.0,0.0,0.0,0.0,0.0,0.0,0.0,0.0,0.0,0.0
3028,0.0,0.0,0.0,2319.72,0.0,0.0,0.0,0.0,0.0,0.0
3029,773.19587628866,0.0,2150.87891752577,3711.34020618557,0.0,0.0,0.0,0.0,0.0,773.19587628866
3030,3092.78350515464,0.0,240.131288659793,3711.34020618557,0.0,0.0,0.0,0.0,0.0,3092.78350515464
3031,3092.78350515464,0.0,335.906288659793,3711.34020618557,0.0,0.0,0.0,0.0,0.0,3092.78350515464
3032,3092.78350515464,0.0,1246.48128865979,3711.34020618557,0.0,0.0,0.0,0.0,0.0,3092.78350515464
3033,3092.78350515464,0.0,2203.15128865979,3711.34020618557,0.0,0.0,0.0,0.0,0.0,3092.78350515464
3034,3092.78350515464,0.0,2244.55128865979,3711.34020618557,0.0,0.0,0.0,0.0,0.0,3092.78350515464
3035,3092.78350515464,0.0,0.0,3464.43649484536,0.0,0.0,0.0,0.0,0.0,3092.78350515464
3036,3092.78350515464,0.0,0.0,2101.85149484536,0.0,0.0,0.0,0.0,0.0,3092.78350515464
3037,3092.78350515464,0.0,0.0,1948.62649484536,0.0,0.0,0.0,0.0,0.0,3092.78350515464
3038,3092.78350515464,0.0,0.0,3142.88149484536,0.0,0.0,0.0,0.0,0.0,3092.78350515464
3039,3092.78350515464,0.0,0.0,1318.32649484536,0.0,0.0,0.0,0.0,0.0,3092.78350515464
3040,3092.78350515464,0.0,0.0,607.95649484536,0.0,0.0,0.0,0.0,0.0,3092.78350515464
3041,2462.25,0.0,0.0,0.0,0.0,0.0,611.6175,0.0,0.0,3073.8675
3042,79.6371,0.0,0.0,0.0,0.0,0.0,2922.752013,0.0,0.0,3002.3891129999997
3043,0.0,0.0,0.0,0.0,0.0,0.0,3000.0,0.0,0.0,3000.0
3044,0.0,0.0,0.0,0.0,0.0,0.0,3000.0,0.0,0.0,3000.0
3045,0.0,0.0,0.0,0.0,0.0,0.0,3000.0,0.0,0.0,3000.0
3046,0.0,0.0,0.0,0.0,0.0,0.0,3000.0,0.0,0.0,3000.0
3047,0.0,0.0,0.0,0.0,0.0,0.0,0.0,0.0,0.0,0.0
3048,0.0,0.0,0.0,0.0,0.0,0.0,0.0,0.0,0.0,0.0
3049,0.0,0.0,0.0,0.0,0.0,0.0,0.0,0.0,0.0,0.0
3050,0.0,0.0,0.0,0.0,0.0,0.0,0.0,0.0,0.0,0.0
3051,0.0,0.0,0.0,0.0,0.0,0.0,0.0,0.0,0.0,0.0
3052,0.0,0.0,0.0,1672.485,0.0,0.0,0.0,0.0,0.0,0.0
3053,773.19587628866,0.0,1855.16891752577,3711.34020618557,0.0,0.0,0.0,0.0,0.0,773.19587628866
3054,3092.78350515464,0.0,1762.04628865979,3711.34020618557,0.0,0.0,0.0,0.0,0.0,3092.78350515464
3055,3092.78350515464,0.0,2040.28128865979,3711.34020618557,0.0,0.0,0.0,0.0,0.0,3092.78350515464
3056,3092.78350515464,0.0,3374.81628865979,3711.34020618557,0.0,0.0,0.0,0.0,0.0,3092.78350515464
3057,3092.78350515464,0.0,2073.64128865979,3711.34020618557,0.0,0.0,0.0,0.0,0.0,3092.78350515464
3058,3092.78350515464,0.0,3191.57628865979,3711.34020618557,0.0,0.0,0.0,0.0,0.0,3092.78350515464
3059,3092.78350515464,0.0,2314.76628865979,3711.34020618557,0.0,0.0,0.0,0.0,0.0,3092.78350515464
3060,3092.78350515464,0.0,1457.77128865979,3711.34020618557,0.0,0.0,0.0,0.0,0.0,3092.78350515464
3061,3092.78350515464,0.0,1295.02128865979,3711.34020618557,0.0,0.0,0.0,0.0,0.0,3092.78350515464
3062,3092.78350515464,0.0,1438.70628865979,3711.34020618557,0.0,0.0,0.0,0.0,0.0,3092.78350515464
3063,3092.78350515464,0.0,0.0,1843.55149484536,0.0,0.0,0.0,0.0,0.0,3092.78350515464
3064,1711.38,0.0,0.0,0.0,0.0,0.0,1339.9614,0.0,0.0,3051.3414000000002
3065,459.2865,0.0,0.0,0.0,0.0,0.0,2554.492095,0.0,0.0,3013.778595
3066,19.2864,0.0,0.0,0.0,0.0,0.0,2981.292192,0.0,0.0,3000.578592
3067,0.0,0.0,0.0,0.0,0.0,0.0,3000.0,0.0,0.0,3000.0
3068,0.0,0.0,0.0,0.0,0.0,0.0,3000.0,0.0,0.0,3000.0
3069,0.0,0.0,0.0,0.0,0.0,0.0,3000.0,0.0,0.0,3000.0
3070,0.0,0.0,0.0,0.0,0.0,0.0,3000.0,0.0,0.0,3000.0
3071,0.0,0.0,0.0,0.0,0.0,0.0,0.0,0.0,0.0,0.0
3072,0.0,0.0,0.0,0.0,0.0,0.0,0.0,0.0,0.0,0.0
3073,0.0,0.0,0.0,0.0,0.0,0.0,0.0,0.0,0.0,0.0
3074,0.0,0.0,0.0,0.0,0.0,0.0,0.0,0.0,0.0,0.0
3075,0.0,0.0,0.0,0.0,0.0,0.0,0.0,0.0,0.0,0.0
3076,0.0,0.0,0.0,1779.45,0.0,0.0,0.0,0.0,0.0,0.0
3077,773.19587628866,0.0,2762.18891752577,3711.34020618557,0.0,0.0,0.0,0.0,0.0,773.19587628866
3078,3092.78350515464,0.0,2837.27628865979,3711.34020618557,0.0,0.0,0.0,0.0,0.0,3092.78350515464
3079,3092.78350515464,0.0,4643.71128865979,3711.34020618557,0.0,0.0,0.0,0.0,0.0,3092.78350515464
3080,3092.78350515464,0.0,4904.23128865979,3711.34020618557,0.0,0.0,0.0,0.0,0.0,3092.78350515464
3081,3092.78350515464,0.0,4699.58628865979,3711.34020618557,0.0,0.0,0.0,0.0,0.0,3092.78350515464
3082,3092.78350515464,0.0,3796.30128865979,3711.34020618557,0.0,0.0,0.0,0.0,0.0,3092.78350515464
3083,3092.78350515464,0.0,2779.64628865979,3711.34020618557,0.0,0.0,0.0,0.0,0.0,3092.78350515464
3084,3092.78350515464,0.0,2426.36628865979,3711.34020618557,0.0,0.0,0.0,0.0,0.0,3092.78350515464
3085,3092.78350515464,0.0,2577.02628865979,3711.34020618557,0.0,0.0,0.0,0.0,0.0,3092.78350515464
3086,3092.78350515464,0.0,3034.24128865979,3711.34020618557,0.0,0.0,0.0,0.0,0.0,3092.78350515464
3087,3092.78350515464,0.0,3177.67128865979,3711.34020618557,0.0,0.0,0.0,0.0,0.0,3092.78350515464
3088,3092.78350515464,0.0,2034.98628865979,3711.34020618557,0.0,0.0,0.0,0.0,0.0,3092.78350515464
3089,3092.78350515464,0.0,0.0,3489.00649484536,0.0,0.0,0.0,0.0,0.0,3092.78350515464
3090,2644.89,0.0,0.0,0.0,0.0,0.0,434.4567,0.0,0.0,3079.3467
3091,0.0,0.0,0.0,0.0,0.0,0.0,3000.0,0.0,0.0,3000.0
3092,0.0,0.0,0.0,0.0,0.0,0.0,3000.0,0.0,0.0,3000.0
3093,0.0,0.0,0.0,0.0,0.0,0.0,3000.0,0.0,0.0,3000.0
3094,0.0,0.0,0.0,0.0,0.0,0.0,3000.0,0.0,0.0,3000.0
3095,0.0,0.0,0.0,0.0,0.0,0.0,0.0,0.0,0.0,0.0
3096,0.0,0.0,0.0,0.0,0.0,0.0,0.0,0.0,0.0,0.0
3097,0.0,0.0,0.0,0.0,0.0,0.0,0.0,0.0,0.0,0.0
3098,0.0,0.0,0.0,0.0,0.0,0.0,0.0,0.0,0.0,0.0
3099,0.0,0.0,0.0,0.0,0.0,0.0,0.0,0.0,0.0,0.0
3100,0.0,0.0,0.0,783.3915,0.0,0.0,0.0,0.0,0.0,0.0
3101,773.19587628866,0.0,2046.47891752577,3711.34020618557,0.0,0.0,0.0,0.0,0.0,773.19587628866
3102,3092.78350515464,0.0,2794.43628865979,3711.34020618557,0.0,0.0,0.0,0.0,0.0,3092.78350515464
3103,3092.78350515464,0.0,4235.86128865979,3711.34020618557,0.0,0.0,0.0,0.0,0.0,3092.78350515464
3104,3092.78350515464,0.0,5025.50628865979,3711.34020618557,0.0,0.0,0.0,0.0,0.0,3092.78350515464
3105,3092.78350515464,0.0,4742.2912886598,3711.34020618557,0.0,0.0,0.0,0.0,0.0,3092.78350515464
3106,3092.78350515464,0.0,2366.24628865979,3711.34020618557,0.0,0.0,0.0,0.0,0.0,3092.78350515464
3107,3092.78350515464,0.0,381.821288659794,3711.34020618557,0.0,0.0,0.0,0.0,0.0,3092.78350515464
3108,3092.78350515464,0.0,446.396288659794,3711.34020618557,0.0,0.0,0.0,0.0,0.0,3092.78350515464
3109,3092.78350515464,0.0,1409.29128865979,3711.34020618557,0.0,0.0,0.0,0.0,0.0,3092.78350515464
3110,3092.78350515464,0.0,1740.34128865979,3711.34020618557,0.0,0.0,0.0,0.0,0.0,3092.78350515464
3111,3092.78350515464,0.0,2438.30628865979,3711.34020618557,0.0,0.0,0.0,0.0,0.0,3092.78350515464
3112,3092.78350515464,0.0,2151.02628865979,3711.34020618557,0.0,0.0,0.0,0.0,0.0,3092.78350515464
3113,3092.78350515464,0.0,0.0,3397.85149484536,0.0,0.0,0.0,0.0,0.0,3092.78350515464
3114,3092.78350515464,0.0,0.0,476.69149484536,0.0,0.0,0.0,0.0,0.0,3092.78350515464
3115,0.0,0.0,0.0,0.0,0.0,0.0,3000.0,0.0,0.0,3000.0
3116,0.0,0.0,0.0,0.0,0.0,0.0,3000.0,0.0,0.0,3000.0
3117,0.0,0.0,0.0,0.0,0.0,0.0,3000.0,0.0,0.0,3000.0
3118,0.0,0.0,0.0,0.0,0.0,0.0,3000.0,0.0,0.0,3000.0
3119,0.0,0.0,0.0,0.0,0.0,0.0,0.0,0.0,0.0,0.0
3120,0.0,0.0,0.0,0.0,0.0,0.0,0.0,0.0,0.0,0.0
3121,0.0,0.0,0.0,0.0,0.0,0.0,0.0,0.0,0.0,0.0
3122,0.0,0.0,0.0,0.0,0.0,0.0,0.0,0.0,0.0,0.0
3123,0.0,0.0,0.0,0.0,0.0,0.0,0.0,0.0,0.0,0.0
3124,0.0,0.0,0.0,1883.055,0.0,0.0,0.0,0.0,0.0,0.0
3125,773.19587628866,0.0,2501.38391752577,3711.34020618557,0.0,0.0,0.0,0.0,0.0,773.19587628866
3126,3092.78350515464,0.0,2603.86128865979,3711.34020618557,0.0,0.0,0.0,0.0,0.0,3092.78350515464
3127,3092.78350515464,0.0,4159.3912886598,3711.34020618557,0.0,0.0,0.0,0.0,0.0,3092.78350515464
3128,3092.78350515464,0.0,4728.62628865979,3711.34020618557,0.0,0.0,0.0,0.0,0.0,3092.78350515464
3129,3092.78350515464,0.0,4719.95628865979,3711.34020618557,0.0,0.0,0.0,0.0,0.0,3092.78350515464
3130,3092.78350515464,0.0,3679.72128865979,3711.34020618557,0.0,0.0,0.0,0.0,0.0,3092.78350515464
3131,3092.78350515464,0.0,3064.57128865979,3711.34020618557,0.0,0.0,0.0,0.0,0.0,3092.78350515464
3132,3092.78350515464,0.0,2689.91628865979,3711.34020618557,0.0,0.0,0.0,0.0,0.0,3092.78350515464
3133,3092.78350515464,0.0,3047.99628865979,3711.34020618557,0.0,0.0,0.0,0.0,0.0,3092.78350515464
3134,3092.78350515464,0.0,3592.37628865979,3711.34020618557,0.0,0.0,0.0,0.0,0.0,3092.78350515464
3135,3092.78350515464,0.0,3656.57628865979,3711.34020618557,0.0,0.0,0.0,0.0,0.0,3092.78350515464
3136,3092.78350515464,0.0,2432.08128865979,3711.34020618557,0.0,0.0,0.0,0.0,0.0,3092.78350515464
3137,3092.78350515464,0.0,344.066288659793,3711.34020618557,0.0,0.0,0.0,0.0,0.0,3092.78350515464
3138,3079.365,0.0,0.0,0.0,0.0,0.0,13.0159500000004,0.0,0.0,3092.38095
3139,0.0,0.0,0.0,0.0,0.0,0.0,3000.0,0.0,0.0,3000.0
3140,0.0,0.0,0.0,0.0,0.0,0.0,3000.0,0.0,0.0,3000.0
3141,0.0,0.0,0.0,0.0,0.0,0.0,3000.0,0.0,0.0,3000.0
3142,0.0,0.0,0.0,0.0,0.0,0.0,3000.0,0.0,0.0,3000.0
3143,0.0,0.0,0.0,0.0,0.0,0.0,0.0,0.0,0.0,0.0
3144,0.0,0.0,0.0,0.0,0.0,0.0,0.0,0.0,0.0,0.0
3145,0.0,0.0,0.0,0.0,0.0,0.0,0.0,0.0,0.0,0.0
3146,0.0,0.0,0.0,0.0,0.0,0.0,0.0,0.0,0.0,0.0
3147,0.0,0.0,0.0,0.0,0.0,0.0,0.0,0.0,0.0,0.0
3148,0.0,0.0,0.0,2148.33,0.0,0.0,0.0,0.0,0.0,0.0
3149,773.19587628866,0.0,3262.73891752577,3711.34020618557,0.0,0.0,0.0,0.0,0.0,773.19587628866
3150,3092.78350515464,0.0,3520.52628865979,3711.34020618557,0.0,0.0,0.0,0.0,0.0,3092.78350515464
3151,3092.78350515464,0.0,4845.2662886598,3711.34020618557,0.0,0.0,0.0,0.0,0.0,3092.78350515464
3152,3092.78350515464,0.0,5264.2462886598,3711.34020618557,0.0,0.0,0.0,0.0,0.0,3092.78350515464
3153,3092.78350515464,0.0,4968.50628865979,3711.34020618557,0.0,0.0,0.0,0.0,0.0,3092.78350515464
3154,3092.78350515464,0.0,4041.86628865979,3711.34020618557,0.0,0.0,0.0,0.0,0.0,3092.78350515464
3155,3092.78350515464,0.0,3068.87628865979,3711.34020618557,0.0,0.0,0.0,0.0,0.0,3092.78350515464
3156,3092.78350515464,0.0,2420.14128865979,3711.34020618557,0.0,0.0,0.0,0.0,0.0,3092.78350515464
3157,3092.78350515464,0.0,2650.13628865979,3711.34020618557,0.0,0.0,0.0,0.0,0.0,3092.78350515464
3158,3092.78350515464,0.0,1193.14128865979,3711.34020618557,0.0,0.0,0.0,0.0,0.0,3092.78350515464
3159,2593.335,0.0,0.0,0.0,0.0,0.0,484.46505,0.0,0.0,3077.80005
3160,3092.78350515464,0.0,0.0,378.30649484536,0.0,0.0,0.0,0.0,0.0,3092.78350515464
3161,3092.78350515464,0.0,318.641288659793,3711.34020618557,0.0,0.0,0.0,0.0,0.0,3092.78350515464
3162,2506.95,0.0,0.0,0.0,0.0,0.0,568.2585,0.0,0.0,3075.2084999999997
3163,0.0,0.0,0.0,0.0,0.0,0.0,3000.0,0.0,0.0,3000.0
3164,0.0,0.0,0.0,0.0,0.0,0.0,3000.0,0.0,0.0,3000.0
3165,0.0,0.0,0.0,0.0,0.0,0.0,3000.0,0.0,0.0,3000.0
3166,0.0,0.0,0.0,0.0,0.0,0.0,3000.0,0.0,0.0,3000.0
3167,0.0,0.0,0.0,0.0,0.0,0.0,0.0,0.0,0.0,0.0
3168,0.0,0.0,0.0,0.0,0.0,0.0,0.0,0.0,0.0,0.0
3169,0.0,0.0,0.0,0.0,0.0,0.0,0.0,0.0,0.0,0.0
3170,0.0,0.0,0.0,0.0,0.0,0.0,0.0,0.0,0.0,0.0
3171,0.0,0.0,0.0,0.0,0.0,0.0,0.0,0.0,0.0,0.0
3172,0.0,0.0,0.0,16.25685,0.0,0.0,0.0,0.0,0.0,0.0
3173,773.19587628866,0.0,0.0,250.76562371134,0.0,0.0,0.0,0.0,0.0,773.19587628866
3174,3092.78350515464,0.0,0.0,3685.95649484536,0.0,0.0,0.0,0.0,0.0,3092.78350515464
3175,3092.78350515464,0.0,970.736288659793,3711.34020618557,0.0,0.0,0.0,0.0,0.0,3092.78350515464
3176,3092.78350515464,0.0,5455.04628865979,3711.34020618557,0.0,0.0,0.0,0.0,0.0,3092.78350515464
3177,3092.78350515464,0.0,5247.35628865979,3711.34020618557,0.0,0.0,0.0,0.0,0.0,3092.78350515464
3178,3092.78350515464,0.0,3838.37628865979,3711.34020618557,0.0,0.0,0.0,0.0,0.0,3092.78350515464
3179,3092.78350515464,0.0,2272.12128865979,3711.34020618557,0.0,0.0,0.0,0.0,0.0,3092.78350515464
3180,3092.78350515464,0.0,2649.32628865979,3711.34020618557,0.0,0.0,0.0,0.0,0.0,3092.78350515464
3181,3092.78350515464,0.0,2669.65128865979,3711.34020618557,0.0,0.0,0.0,0.0,0.0,3092.78350515464
3182,3092.78350515464,0.0,3053.90628865979,3711.34020618557,0.0,0.0,0.0,0.0,0.0,3092.78350515464
3183,3092.78350515464,0.0,3717.98628865979,3711.34020618557,0.0,0.0,0.0,0.0,0.0,3092.78350515464
3184,3092.78350515464,0.0,2672.42628865979,3711.34020618557,0.0,0.0,0.0,0.0,0.0,3092.78350515464
3185,3092.78350515464,0.0,340.571288659794,3711.34020618557,0.0,0.0,0.0,0.0,0.0,3092.78350515464
3186,3092.78350515464,0.0,0.0,206.991494845361,0.0,0.0,0.0,0.0,0.0,3092.78350515464
3187,0.0,0.0,0.0,0.0,0.0,0.0,3000.0,0.0,0.0,3000.0
3188,0.0,0.0,0.0,0.0,0.0,0.0,3000.0,0.0,0.0,3000.0
3189,0.0,0.0,0.0,0.0,0.0,0.0,3000.0,0.0,0.0,3000.0
3190,0.0,0.0,0.0,0.0,0.0,0.0,3000.0,0.0,0.0,3000.0
3191,0.0,0.0,0.0,0.0,0.0,0.0,0.0,0.0,0.0,0.0
3192,0.0,0.0,0.0,0.0,0.0,0.0,0.0,0.0,0.0,0.0
3193,0.0,0.0,0.0,0.0,0.0,0.0,0.0,0.0,0.0,0.0
3194,0.0,0.0,0.0,0.0,0.0,0.0,0.0,0.0,0.0,0.0
3195,0.0,0.0,0.0,0.0,0.0,0.0,0.0,0.0,0.0,0.0
3196,0.0,0.0,0.0,716.661,0.0,0.0,0.0,0.0,0.0,0.0
3197,773.19587628866,0.0,-1.13686837721616e-13,1276.50912371134,0.0,0.0,0.0,0.0,0.0,773.19587628866
3198,3092.78350515464,0.0,3348.32628865979,3711.34020618557,0.0,0.0,0.0,0.0,0.0,3092.78350515464
3199,3092.78350515464,0.0,4909.09128865979,3711.34020618557,0.0,0.0,0.0,0.0,0.0,3092.78350515464
3200,3092.78350515464,0.0,4815.71628865979,3711.34020618557,0.0,0.0,0.0,0.0,0.0,3092.78350515464
3201,3092.78350515464,0.0,4957.82628865979,3711.34020618557,0.0,0.0,0.0,0.0,0.0,3092.78350515464
3202,3092.78350515464,0.0,3839.47128865979,3711.34020618557,0.0,0.0,0.0,0.0,0.0,3092.78350515464
3203,3092.78350515464,0.0,1894.69128865979,3711.34020618557,0.0,0.0,0.0,0.0,0.0,3092.78350515464
3204,3092.78350515464,0.0,1958.80128865979,3711.34020618557,0.0,0.0,0.0,0.0,0.0,3092.78350515464
3205,3092.78350515464,0.0,1858.85628865979,3711.34020618557,0.0,0.0,0.0,0.0,0.0,3092.78350515464
3206,3092.78350515464,0.0,3060.47628865979,3711.34020618557,0.0,0.0,0.0,0.0,0.0,3092.78350515464
3207,3092.78350515464,0.0,1084.88628865979,3711.34020618557,0.0,0.0,0.0,0.0,0.0,3092.78350515464
3208,3092.78350515464,0.0,0.0,341.64649484536,0.0,0.0,0.0,0.0,0.0,3092.78350515464
3209,776.178,0.0,0.0,0.0,0.0,0.0,2247.10734,0.0,0.0,3023.28534
3210,2601.285,0.0,0.0,0.0,0.0,0.0,476.75355,0.0,0.0,3078.0385499999998
3211,0.0,0.0,0.0,0.0,0.0,0.0,3000.0,0.0,0.0,3000.0
3212,0.0,0.0,0.0,0.0,0.0,0.0,3000.0,0.0,0.0,3000.0
3213,0.0,0.0,0.0,0.0,0.0,0.0,3000.0,0.0,0.0,3000.0
3214,0.0,0.0,0.0,0.0,0.0,0.0,3000.0,0.0,0.0,3000.0
3215,0.0,0.0,0.0,0.0,0.0,0.0,0.0,0.0,0.0,0.0
3216,0.0,0.0,0.0,0.0,0.0,0.0,0.0,0.0,0.0,0.0
3217,0.0,0.0,0.0,0.0,0.0,0.0,0.0,0.0,0.0,0.0
3218,0.0,0.0,0.0,0.0,0.0,0.0,0.0,0.0,0.0,0.0
3219,0.0,0.0,0.0,0.0,0.0,0.0,0.0,0.0,0.0,0.0
3220,0.0,0.0,0.0,2737.83,0.0,0.0,0.0,0.0,0.0,0.0
3221,773.19587628866,0.0,2303.93891752577,3711.34020618557,0.0,0.0,0.0,0.0,0.0,773.19587628866
3222,3092.78350515464,0.0,981.986288659793,3711.34020618557,0.0,0.0,0.0,0.0,0.0,3092.78350515464
3223,3092.78350515464,0.0,3959.62128865979,3711.34020618557,0.0,0.0,0.0,0.0,0.0,3092.78350515464
3224,3092.78350515464,0.0,4067.60628865979,3711.34020618557,0.0,0.0,0.0,0.0,0.0,3092.78350515464
3225,3092.78350515464,0.0,3377.18628865979,3711.34020618557,0.0,0.0,0.0,0.0,0.0,3092.78350515464
3226,3092.78350515464,0.0,2129.39628865979,3711.34020618557,0.0,0.0,0.0,0.0,0.0,3092.78350515464
3227,3092.78350515464,0.0,1103.90628865979,3711.34020618557,0.0,0.0,0.0,0.0,0.0,3092.78350515464
3228,3092.78350515464,0.0,0.0,3029.04649484536,0.0,0.0,0.0,0.0,0.0,3092.78350515464
3229,3092.78350515464,0.0,0.0,663.18649484536,0.0,0.0,0.0,0.0,0.0,3092.78350515464
3230,1940.175,0.0,0.0,0.0,0.0,0.0,1118.03025,0.0,0.0,3058.20525
3231,3092.78350515464,0.0,0.0,414.17149484536,0.0,0.0,0.0,0.0,0.0,3092.78350515464
3232,1329.246,0.0,0.0,0.0,0.0,0.0,1710.63138,0.0,0.0,3039.87738
3233,466.9485,0.0,0.0,0.0,0.0,0.0,2547.059955,0.0,0.0,3014.008455
3234,132.6321,0.0,0.0,0.0,0.0,0.0,2871.346863,0.0,0.0,3003.978963
3235,0.0,0.0,0.0,0.0,0.0,0.0,3000.0,0.0,0.0,3000.0
3236,0.0,0.0,0.0,0.0,0.0,0.0,3000.0,0.0,0.0,3000.0
3237,0.0,0.0,0.0,0.0,0.0,0.0,3000.0,0.0,0.0,3000.0
3238,0.0,0.0,0.0,0.0,0.0,0.0,3000.0,0.0,0.0,3000.0
3239,0.0,0.0,0.0,0.0,0.0,0.0,0.0,0.0,0.0,0.0
3240,0.0,0.0,0.0,0.0,0.0,0.0,0.0,0.0,0.0,0.0
3241,0.0,0.0,0.0,0.0,0.0,0.0,0.0,0.0,0.0,0.0
3242,0.0,0.0,0.0,0.0,0.0,0.0,0.0,0.0,0.0,0.0
3243,0.0,0.0,0.0,0.0,0.0,0.0,0.0,0.0,0.0,0.0
3244,0.0,0.0,0.0,292.0815,0.0,0.0,0.0,0.0,0.0,0.0
3245,773.19587628866,0.0,0.0,196.33512371134,0.0,0.0,0.0,0.0,0.0,773.19587628866
3246,1917.195,0.0,0.0,0.0,0.0,0.0,1140.32085,0.0,0.0,3057.51585
3247,3014.4,0.0,0.0,0.0,0.0,0.0,76.0320000000002,0.0,0.0,3090.4320000000002
3248,1636.41,0.0,0.0,0.0,0.0,0.0,1412.6823,0.0,0.0,3049.0923000000003
3249,1997.88,0.0,0.0,0.0,0.0,0.0,1062.0564,0.0,0.0,3059.9364
3250,3092.78350515464,0.0,0.0,2346.68149484536,0.0,0.0,0.0,0.0,0.0,3092.78350515464
3251,3092.78350515464,0.0,0.0,3403.86649484536,0.0,0.0,0.0,0.0,0.0,3092.78350515464
3252,3092.78350515464,0.0,0.0,3040.44649484536,0.0,0.0,0.0,0.0,0.0,3092.78350515464
3253,3092.78350515464,0.0,0.0,264.03649484536,0.0,0.0,0.0,0.0,0.0,3092.78350515464
3254,3092.78350515464,0.0,0.0,2029.88149484536,0.0,0.0,0.0,0.0,0.0,3092.78350515464
3255,2773.395,0.0,0.0,0.0,0.0,0.0,309.80685,0.0,0.0,3083.20185
3256,750.2265,0.0,0.0,0.0,0.0,0.0,2272.280295,0.0,0.0,3022.5067950000002
3257,185.6595,0.0,0.0,0.0,0.0,0.0,2819.910285,0.0,0.0,3005.569785
3258,0.0,0.0,0.0,0.0,0.0,0.0,3000.0,0.0,0.0,3000.0
3259,0.0,0.0,0.0,0.0,0.0,0.0,3000.0,0.0,0.0,3000.0
3260,0.0,0.0,0.0,0.0,0.0,0.0,3000.0,0.0,0.0,3000.0
3261,0.0,0.0,0.0,0.0,0.0,0.0,3000.0,0.0,0.0,3000.0
3262,0.0,0.0,0.0,0.0,0.0,0.0,3000.0,0.0,0.0,3000.0
3263,0.0,0.0,0.0,0.0,0.0,0.0,0.0,0.0,0.0,0.0
3264,0.0,0.0,0.0,0.0,0.0,0.0,0.0,0.0,0.0,0.0
3265,0.0,0.0,0.0,0.0,0.0,0.0,0.0,0.0,0.0,0.0
3266,0.0,0.0,0.0,0.0,0.0,0.0,0.0,0.0,0.0,0.0
3267,0.0,0.0,0.0,0.0,0.0,0.0,0.0,0.0,0.0,0.0
3268,0.0,0.0,0.0,29.5512,0.0,0.0,0.0,0.0,0.0,0.0
3269,381.882,0.0,0.0,0.0,0.0,0.0,379.57446,0.0,0.0,761.45646
3270,1339.08,0.0,0.0,0.0,0.0,0.0,1701.0924,0.0,0.0,3040.1724
3271,1192.5015,0.0,0.0,0.0,0.0,0.0,1843.273545,0.0,0.0,3035.7750450000003
3272,1373.4195,0.0,0.0,0.0,0.0,0.0,1667.783085,0.0,0.0,3041.202585
3273,773.5125,0.0,0.0,0.0,0.0,0.0,2249.692875,0.0,0.0,3023.2053750000005
3274,1580.67,0.0,0.0,0.0,0.0,0.0,1466.7501,0.0,0.0,3047.4201000000003
3275,1441.98,0.0,0.0,0.0,0.0,0.0,1601.2794,0.0,0.0,3043.2594
3276,1272.798,0.0,0.0,0.0,0.0,0.0,1765.38594,0.0,0.0,3038.18394
3277,0.0,0.0,0.0,0.0,0.0,0.0,3000.0,0.0,0.0,3000.0
3278,0.0,0.0,0.0,0.0,0.0,0.0,3000.0,0.0,0.0,3000.0
3279,0.0,0.0,0.0,0.0,0.0,0.0,3000.0,0.0,0.0,3000.0
3280,0.0,0.0,0.0,0.0,0.0,0.0,3000.0,0.0,0.0,3000.0
3281,0.0,0.0,0.0,0.0,0.0,0.0,3000.0,0.0,0.0,3000.0
3282,0.0,0.0,0.0,0.0,0.0,0.0,3000.0,0.0,0.0,3000.0
3283,0.0,0.0,0.0,0.0,0.0,0.0,3000.0,0.0,0.0,3000.0
3284,0.0,0.0,0.0,0.0,0.0,0.0,3000.0,0.0,0.0,3000.0
3285,0.0,0.0,0.0,0.0,0.0,0.0,3000.0,0.0,0.0,3000.0
3286,0.0,0.0,0.0,0.0,0.0,0.0,3000.0,0.0,0.0,3000.0
3287,0.0,0.0,0.0,0.0,0.0,0.0,0.0,0.0,0.0,0.0
3288,0.0,0.0,0.0,0.0,0.0,0.0,0.0,0.0,0.0,0.0
3289,0.0,0.0,0.0,0.0,0.0,0.0,0.0,0.0,0.0,0.0
3290,0.0,0.0,0.0,0.0,0.0,0.0,0.0,0.0,0.0,0.0
3291,0.0,0.0,0.0,0.0,0.0,0.0,0.0,0.0,0.0,0.0
3292,0.0,0.0,0.0,0.0,0.0,0.0,0.0,0.0,0.0,0.0
3293,0.0,0.0,0.0,0.0,0.0,0.0,750.0,0.0,0.0,750.0
3294,0.0,0.0,0.0,0.0,0.0,0.0,3000.0,0.0,0.0,3000.0
3295,0.0,0.0,0.0,0.0,0.0,0.0,3000.0,0.0,0.0,3000.0
3296,0.0,0.0,0.0,0.0,0.0,0.0,3000.0,0.0,0.0,3000.0
3297,0.0,0.0,0.0,0.0,0.0,0.0,3000.0,0.0,0.0,3000.0
3298,0.0,0.0,0.0,0.0,0.0,0.0,3000.0,0.0,0.0,3000.0
3299,0.0,0.0,0.0,0.0,0.0,0.0,3000.0,0.0,0.0,3000.0
3300,0.0,0.0,0.0,0.0,0.0,0.0,3000.0,0.0,0.0,3000.0
3301,0.0,0.0,0.0,0.0,0.0,0.0,3000.0,0.0,0.0,3000.0
3302,0.0,0.0,0.0,0.0,0.0,0.0,3000.0,0.0,0.0,3000.0
3303,0.0,0.0,0.0,0.0,0.0,0.0,3000.0,0.0,0.0,3000.0
3304,0.0,0.0,0.0,0.0,0.0,0.0,3000.0,0.0,0.0,3000.0
3305,0.0,0.0,0.0,0.0,0.0,0.0,3000.0,0.0,0.0,3000.0
3306,0.0,0.0,0.0,0.0,0.0,0.0,3000.0,0.0,0.0,3000.0
3307,0.0,0.0,0.0,0.0,0.0,0.0,3000.0,0.0,0.0,3000.0
3308,0.0,0.0,0.0,0.0,0.0,0.0,3000.0,0.0,0.0,3000.0
3309,0.0,0.0,0.0,0.0,0.0,0.0,3000.0,0.0,0.0,3000.0
3310,0.0,0.0,0.0,0.0,0.0,0.0,3000.0,0.0,0.0,3000.0
3311,0.0,0.0,0.0,0.0,0.0,0.0,0.0,0.0,0.0,0.0
3312,0.0,0.0,0.0,0.0,0.0,0.0,0.0,0.0,0.0,0.0
3313,0.0,0.0,0.0,0.0,0.0,0.0,0.0,0.0,0.0,0.0
3314,0.0,0.0,0.0,0.0,0.0,0.0,0.0,0.0,0.0,0.0
3315,0.0,0.0,0.0,0.0,0.0,0.0,0.0,0.0,0.0,0.0
3316,0.0,0.0,0.0,0.0,0.0,0.0,0.0,0.0,0.0,0.0
3317,0.0,0.0,0.0,0.0,0.0,0.0,750.0,0.0,0.0,750.0
3318,0.0,0.0,0.0,0.0,0.0,0.0,3000.0,0.0,0.0,3000.0
3319,0.0,0.0,0.0,0.0,0.0,0.0,3000.0,0.0,0.0,3000.0
3320,0.0,0.0,0.0,0.0,0.0,0.0,3000.0,0.0,0.0,3000.0
3321,0.0,0.0,0.0,0.0,0.0,0.0,3000.0,0.0,0.0,3000.0
3322,0.0,0.0,0.0,0.0,0.0,0.0,3000.0,0.0,0.0,3000.0
3323,0.0,0.0,0.0,0.0,0.0,0.0,3000.0,0.0,0.0,3000.0
3324,0.0,0.0,0.0,0.0,0.0,0.0,3000.0,0.0,0.0,3000.0
3325,0.0,0.0,0.0,0.0,0.0,0.0,3000.0,0.0,0.0,3000.0
3326,0.0,0.0,0.0,0.0,0.0,0.0,3000.0,0.0,0.0,3000.0
3327,0.0,0.0,0.0,0.0,0.0,0.0,3000.0,0.0,0.0,3000.0
3328,0.0,0.0,0.0,0.0,0.0,0.0,3000.0,0.0,0.0,3000.0
3329,0.0,0.0,0.0,0.0,0.0,0.0,3000.0,0.0,0.0,3000.0
3330,0.0,0.0,0.0,0.0,0.0,0.0,3000.0,0.0,0.0,3000.0
3331,0.0,0.0,0.0,0.0,0.0,0.0,3000.0,0.0,0.0,3000.0
3332,0.0,0.0,0.0,0.0,0.0,0.0,3000.0,0.0,0.0,3000.0
3333,0.0,0.0,0.0,0.0,0.0,0.0,3000.0,0.0,0.0,3000.0
3334,0.0,0.0,0.0,0.0,0.0,0.0,3000.0,0.0,0.0,3000.0
3335,0.0,0.0,0.0,0.0,0.0,0.0,0.0,0.0,0.0,0.0
3336,0.0,0.0,0.0,0.0,0.0,0.0,0.0,0.0,0.0,0.0
3337,0.0,0.0,0.0,0.0,0.0,0.0,0.0,0.0,0.0,0.0
3338,0.0,0.0,0.0,0.0,0.0,0.0,0.0,0.0,0.0,0.0
3339,0.0,0.0,0.0,0.0,0.0,0.0,0.0,0.0,0.0,0.0
3340,0.0,0.0,0.0,0.0,0.0,0.0,0.0,0.0,0.0,0.0
3341,0.0,0.0,0.0,0.0,0.0,0.0,750.0,0.0,0.0,750.0
3342,0.0,0.0,0.0,0.0,0.0,0.0,3000.0,0.0,0.0,3000.0
3343,0.0,0.0,0.0,0.0,0.0,0.0,3000.0,0.0,0.0,3000.0
3344,0.0,0.0,0.0,0.0,0.0,0.0,3000.0,0.0,0.0,3000.0
3345,0.0,0.0,0.0,0.0,0.0,0.0,3000.0,0.0,0.0,3000.0
3346,3092.78350515464,0.0,1111.10628865979,3711.34020618557,0.0,0.0,0.0,0.0,0.0,3092.78350515464
3347,3092.78350515464,0.0,0.0,2300.87149484536,0.0,0.0,0.0,0.0,0.0,3092.78350515464
3348,3092.78350515464,0.0,503.936288659794,3711.34020618557,0.0,0.0,0.0,0.0,0.0,3092.78350515464
3349,3092.78350515464,0.0,0.0,3472.31149484536,0.0,0.0,0.0,0.0,0.0,3092.78350515464
3350,3092.78350515464,0.0,758.186288659793,3711.34020618557,0.0,0.0,0.0,0.0,0.0,3092.78350515464
3351,3092.78350515464,0.0,3501.02628865979,3711.34020618557,0.0,0.0,0.0,0.0,0.0,3092.78350515464
3352,3092.78350515464,0.0,3548.39628865979,3711.34020618557,0.0,0.0,0.0,0.0,0.0,3092.78350515464
3353,3092.78350515464,0.0,1559.33628865979,3711.34020618557,0.0,0.0,0.0,0.0,0.0,3092.78350515464
3354,3092.78350515464,0.0,0.0,1759.92649484536,0.0,0.0,0.0,0.0,0.0,3092.78350515464
3355,0.0,0.0,0.0,0.0,0.0,0.0,3000.0,0.0,0.0,3000.0
3356,0.0,0.0,0.0,0.0,0.0,0.0,3000.0,0.0,0.0,3000.0
3357,0.0,0.0,0.0,0.0,0.0,0.0,3000.0,0.0,0.0,3000.0
3358,0.0,0.0,0.0,0.0,0.0,0.0,3000.0,0.0,0.0,3000.0
3359,0.0,0.0,0.0,0.0,0.0,0.0,0.0,0.0,0.0,0.0
3360,0.0,0.0,0.0,0.0,0.0,0.0,0.0,0.0,0.0,0.0
3361,0.0,0.0,0.0,0.0,0.0,0.0,0.0,0.0,0.0,0.0
3362,0.0,0.0,0.0,0.0,0.0,0.0,0.0,0.0,0.0,0.0
3363,0.0,0.0,0.0,0.0,0.0,0.0,0.0,0.0,0.0,0.0
3364,0.0,0.0,0.0,3646.08,0.0,0.0,0.0,0.0,0.0,0.0
3365,0.0,0.0,0.0,0.0,0.0,0.0,750.0,0.0,0.0,750.0
3366,0.0,0.0,0.0,0.0,0.0,0.0,3000.0,0.0,0.0,3000.0
3367,3092.78350515464,0.0,4247.80128865979,3711.34020618557,0.0,0.0,0.0,0.0,0.0,3092.78350515464
3368,3092.78350515464,0.0,2906.17128865979,3711.34020618557,0.0,0.0,0.0,0.0,0.0,3092.78350515464
3369,3092.78350515464,0.0,2701.72128865979,3711.34020618557,0.0,0.0,0.0,0.0,0.0,3092.78350515464
3370,3092.78350515464,0.0,3705.55128865979,3711.34020618557,0.0,0.0,0.0,0.0,0.0,3092.78350515464
3371,0.0,0.0,0.0,0.0,0.0,0.0,3000.0,0.0,0.0,3000.0
3372,1478.316,0.0,0.0,0.0,0.0,0.0,1566.03348,0.0,0.0,3044.34948
3373,1076.121,0.0,0.0,0.0,0.0,0.0,1956.16263,0.0,0.0,3032.28363
3374,1008.0945,0.0,0.0,0.0,0.0,0.0,2022.148335,0.0,0.0,3030.242835
3375,736.773,0.0,0.0,0.0,0.0,0.0,2285.33019,0.0,0.0,3022.1031900000003
3376,568.425,0.0,0.0,0.0,0.0,0.0,2448.62775,0.0,0.0,3017.05275
3377,2731.545,0.0,0.0,0.0,0.0,0.0,350.401350000001,0.0,0.0,3081.946350000001
3378,70.2306,0.0,0.0,0.0,0.0,0.0,2931.876318,0.0,0.0,3002.106918
3379,0.0,0.0,0.0,0.0,0.0,0.0,3000.0,0.0,0.0,3000.0
3380,0.0,0.0,0.0,0.0,0.0,0.0,3000.0,0.0,0.0,3000.0
3381,0.0,0.0,0.0,0.0,0.0,0.0,3000.0,0.0,0.0,3000.0
3382,0.0,0.0,0.0,0.0,0.0,0.0,3000.0,0.0,0.0,3000.0
3383,0.0,0.0,0.0,0.0,0.0,0.0,0.0,0.0,0.0,0.0
3384,0.0,0.0,0.0,0.0,0.0,0.0,0.0,0.0,0.0,0.0
3385,0.0,0.0,0.0,0.0,0.0,0.0,0.0,0.0,0.0,0.0
3386,0.0,0.0,0.0,0.0,0.0,0.0,0.0,0.0,0.0,0.0
3387,0.0,0.0,0.0,0.0,0.0,0.0,0.0,0.0,0.0,0.0
3388,0.0,0.0,478.054793814432,3711.34020618557,0.0,0.0,0.0,0.0,0.0,0.0
3389,773.19587628866,0.0,3499.76891752577,3711.34020618557,0.0,0.0,0.0,0.0,0.0,773.19587628866
3390,3092.78350515464,0.0,980.396288659794,3711.34020618557,0.0,0.0,0.0,0.0,0.0,3092.78350515464
3391,3092.78350515464,0.0,1130.99628865979,3711.34020618557,0.0,0.0,0.0,0.0,0.0,3092.78350515464
3392,3092.78350515464,0.0,1349.65128865979,3711.34020618557,0.0,0.0,0.0,0.0,0.0,3092.78350515464
3393,3092.78350515464,0.0,3689.35128865979,3711.34020618557,0.0,0.0,0.0,0.0,0.0,3092.78350515464
3394,3092.78350515464,0.0,1847.60628865979,3711.34020618557,0.0,0.0,0.0,0.0,0.0,3092.78350515464
3395,3092.78350515464,0.0,257.696288659794,3711.34020618557,0.0,0.0,0.0,0.0,0.0,3092.78350515464
3396,3092.78350515464,0.0,1200.52128865979,3711.34020618557,0.0,0.0,0.0,0.0,0.0,3092.78350515464
3397,3092.78350515464,0.0,2715.82128865979,3711.34020618557,0.0,0.0,0.0,0.0,0.0,3092.78350515464
3398,3092.78350515464,0.0,3629.08128865979,3711.34020618557,0.0,0.0,0.0,0.0,0.0,3092.78350515464
3399,3092.78350515464,0.0,0.0,412.68649484536,0.0,0.0,0.0,0.0,0.0,3092.78350515464
3400,1669.035,0.0,0.0,0.0,0.0,0.0,1381.03605,0.0,0.0,3050.07105
3401,876.267,0.0,0.0,0.0,0.0,0.0,2150.02101,0.0,0.0,3026.28801
3402,514.755,0.0,0.0,0.0,0.0,0.0,2500.68765,0.0,0.0,3015.44265
3403,0.0,0.0,0.0,0.0,0.0,0.0,3000.0,0.0,0.0,3000.0
3404,0.0,0.0,0.0,0.0,0.0,0.0,3000.0,0.0,0.0,3000.0
3405,0.0,0.0,0.0,0.0,0.0,0.0,3000.0,0.0,0.0,3000.0
3406,0.0,0.0,0.0,0.0,0.0,0.0,3000.0,0.0,0.0,3000.0
3407,0.0,0.0,0.0,0.0,0.0,0.0,0.0,0.0,0.0,0.0
3408,0.0,0.0,0.0,0.0,0.0,0.0,0.0,0.0,0.0,0.0
3409,0.0,0.0,0.0,0.0,0.0,0.0,0.0,0.0,0.0,0.0
3410,0.0,0.0,0.0,0.0,0.0,0.0,0.0,0.0,0.0,0.0
3411,0.0,0.0,0.0,0.0,0.0,0.0,0.0,0.0,0.0,0.0
3412,0.0,0.0,0.0,2185.725,0.0,0.0,0.0,0.0,0.0,0.0
3413,773.19587628866,0.0,3498.98891752577,3711.34020618557,0.0,0.0,0.0,0.0,0.0,773.19587628866
3414,3092.78350515464,0.0,0.0,1948.80649484536,0.0,0.0,0.0,0.0,0.0,3092.78350515464
3415,3092.78350515464,0.0,5009.02128865979,3711.34020618557,0.0,0.0,0.0,0.0,0.0,3092.78350515464
3416,3092.78350515464,0.0,5611.24128865979,3711.34020618557,0.0,0.0,0.0,0.0,0.0,3092.78350515464
3417,3092.78350515464,0.0,5541.11628865979,3711.34020618557,0.0,0.0,0.0,0.0,0.0,3092.78350515464
3418,3092.78350515464,0.0,4644.01128865979,3711.34020618557,0.0,0.0,0.0,0.0,0.0,3092.78350515464
3419,3092.78350515464,0.0,3850.30128865979,3711.34020618557,0.0,0.0,0.0,0.0,0.0,3092.78350515464
3420,3092.78350515464,0.0,3434.15628865979,3711.34020618557,0.0,0.0,0.0,0.0,0.0,3092.78350515464
3421,3092.78350515464,0.0,3637.31628865979,3711.34020618557,0.0,0.0,0.0,0.0,0.0,3092.78350515464
3422,3092.78350515464,0.0,4212.47628865979,3711.34020618557,0.0,0.0,0.0,0.0,0.0,3092.78350515464
3423,3092.78350515464,0.0,4453.85628865979,3711.34020618557,0.0,0.0,0.0,0.0,0.0,3092.78350515464
3424,3092.78350515464,0.0,3392.20128865979,3711.34020618557,0.0,0.0,0.0,0.0,0.0,3092.78350515464
3425,3092.78350515464,0.0,1764.10128865979,3711.34020618557,0.0,0.0,0.0,0.0,0.0,3092.78350515464
3426,3092.78350515464,0.0,0.0,2178.89149484536,0.0,0.0,0.0,0.0,0.0,3092.78350515464
3427,0.0,0.0,0.0,0.0,0.0,0.0,3000.0,0.0,0.0,3000.0
3428,0.0,0.0,0.0,0.0,0.0,0.0,3000.0,0.0,0.0,3000.0
3429,0.0,0.0,0.0,0.0,0.0,0.0,3000.0,0.0,0.0,3000.0
3430,0.0,0.0,0.0,0.0,0.0,0.0,3000.0,0.0,0.0,3000.0
3431,0.0,0.0,0.0,0.0,0.0,0.0,0.0,0.0,0.0,0.0
3432,0.0,0.0,0.0,0.0,0.0,0.0,0.0,0.0,0.0,0.0
3433,0.0,0.0,0.0,0.0,0.0,0.0,0.0,0.0,0.0,0.0
3434,0.0,0.0,0.0,0.0,0.0,0.0,0.0,0.0,0.0,0.0
3435,0.0,0.0,0.0,0.0,0.0,0.0,0.0,0.0,0.0,0.0
3436,0.0,0.0,244.459793814432,3711.34020618557,0.0,0.0,0.0,0.0,0.0,0.0
3437,773.19587628866,0.0,3453.28391752577,3711.34020618557,0.0,0.0,0.0,0.0,0.0,773.19587628866
3438,3092.78350515464,0.0,3997.09128865979,3711.34020618557,0.0,0.0,0.0,0.0,0.0,3092.78350515464
3439,3092.78350515464,0.0,5369.90628865979,3711.34020618557,0.0,0.0,0.0,0.0,0.0,3092.78350515464
3440,3092.78350515464,0.0,5611.24128865979,3711.34020618557,0.0,0.0,0.0,0.0,0.0,3092.78350515464
3441,3092.78350515464,0.0,5272.66128865979,3711.34020618557,0.0,0.0,0.0,0.0,0.0,3092.78350515464
3442,3092.78350515464,0.0,4570.81128865979,3711.34020618557,0.0,0.0,0.0,0.0,0.0,3092.78350515464
3443,3092.78350515464,0.0,3828.08628865979,3711.34020618557,0.0,0.0,0.0,0.0,0.0,3092.78350515464
3444,3092.78350515464,0.0,3316.00128865979,3711.34020618557,0.0,0.0,0.0,0.0,0.0,3092.78350515464
3445,3092.78350515464,0.0,1385.72628865979,3711.34020618557,0.0,0.0,0.0,0.0,0.0,3092.78350515464
3446,3092.78350515464,0.0,2010.44628865979,3711.34020618557,0.0,0.0,0.0,0.0,0.0,3092.78350515464
3447,3092.78350515464,0.0,4408.79628865979,3711.34020618557,0.0,0.0,0.0,0.0,0.0,3092.78350515464
3448,3092.78350515464,0.0,3432.02628865979,3711.34020618557,0.0,0.0,0.0,0.0,0.0,3092.78350515464
3449,3092.78350515464,0.0,1558.87128865979,3711.34020618557,0.0,0.0,0.0,0.0,0.0,3092.78350515464
3450,3092.78350515464,0.0,0.0,2208.50149484536,0.0,0.0,0.0,0.0,0.0,3092.78350515464
3451,0.0,0.0,0.0,0.0,0.0,0.0,3000.0,0.0,0.0,3000.0
3452,0.0,0.0,0.0,0.0,0.0,0.0,3000.0,0.0,0.0,3000.0
3453,0.0,0.0,0.0,0.0,0.0,0.0,3000.0,0.0,0.0,3000.0
3454,0.0,0.0,0.0,0.0,0.0,0.0,3000.0,0.0,0.0,3000.0
3455,0.0,0.0,0.0,0.0,0.0,0.0,0.0,0.0,0.0,0.0
3456,0.0,0.0,0.0,0.0,0.0,0.0,0.0,0.0,0.0,0.0
3457,0.0,0.0,0.0,0.0,0.0,0.0,0.0,0.0,0.0,0.0
3458,0.0,0.0,0.0,0.0,0.0,0.0,0.0,0.0,0.0,0.0
3459,0.0,0.0,0.0,0.0,0.0,0.0,0.0,0.0,0.0,0.0
3460,0.0,0.0,1365.16979381443,3711.34020618557,0.0,0.0,0.0,0.0,0.0,0.0
3461,773.19587628866,0.0,4147.78391752577,3711.34020618557,0.0,0.0,0.0,0.0,0.0,773.19587628866
3462,3092.78350515464,0.0,4372.5412886598,3711.34020618557,0.0,0.0,0.0,0.0,0.0,3092.78350515464
3463,3092.78350515464,0.0,5611.24128865979,3711.34020618557,0.0,0.0,0.0,0.0,0.0,3092.78350515464
3464,3092.78350515464,0.0,5611.24128865979,3711.34020618557,0.0,0.0,0.0,0.0,0.0,3092.78350515464
3465,3092.78350515464,0.0,5611.24128865979,3711.34020618557,0.0,0.0,0.0,0.0,0.0,3092.78350515464
3466,3092.78350515464,0.0,4829.93628865979,3711.34020618557,0.0,0.0,0.0,0.0,0.0,3092.78350515464
3467,3092.78350515464,0.0,3931.91628865979,3711.34020618557,0.0,0.0,0.0,0.0,0.0,3092.78350515464
3468,3092.78350515464,0.0,3577.03128865979,3711.34020618557,0.0,0.0,0.0,0.0,0.0,3092.78350515464
3469,3092.78350515464,0.0,3752.80128865979,3711.34020618557,0.0,0.0,0.0,0.0,0.0,3092.78350515464
3470,3092.78350515464,0.0,4309.43628865979,3711.34020618557,0.0,0.0,0.0,0.0,0.0,3092.78350515464
3471,3092.78350515464,0.0,4235.74128865979,3711.34020618557,0.0,0.0,0.0,0.0,0.0,3092.78350515464
3472,3092.78350515464,0.0,2705.54628865979,3711.34020618557,0.0,0.0,0.0,0.0,0.0,3092.78350515464
3473,3092.78350515464,0.0,2217.85128865979,3711.34020618557,0.0,0.0,0.0,0.0,0.0,3092.78350515464
3474,3092.78350515464,0.0,0.0,791.79649484536,0.0,0.0,0.0,0.0,0.0,3092.78350515464
3475,0.0,0.0,0.0,0.0,0.0,0.0,3000.0,0.0,0.0,3000.0
3476,0.0,0.0,0.0,0.0,0.0,0.0,3000.0,0.0,0.0,3000.0
3477,0.0,0.0,0.0,0.0,0.0,0.0,3000.0,0.0,0.0,3000.0
3478,0.0,0.0,0.0,0.0,0.0,0.0,3000.0,0.0,0.0,3000.0
3479,0.0,0.0,0.0,0.0,0.0,0.0,0.0,0.0,0.0,0.0
3480,0.0,0.0,0.0,0.0,0.0,0.0,0.0,0.0,0.0,0.0
3481,0.0,0.0,0.0,0.0,0.0,0.0,0.0,0.0,0.0,0.0
3482,0.0,0.0,0.0,0.0,0.0,0.0,0.0,0.0,0.0,0.0
3483,0.0,0.0,0.0,0.0,0.0,0.0,0.0,0.0,0.0,0.0
3484,0.0,0.0,687.199793814433,3711.34020618557,0.0,0.0,0.0,0.0,0.0,0.0
3485,773.19587628866,0.0,3262.36391752577,3711.34020618557,0.0,0.0,0.0,0.0,0.0,773.19587628866
3486,3092.78350515464,0.0,3990.89628865979,3711.34020618557,0.0,0.0,0.0,0.0,0.0,3092.78350515464
3487,3092.78350515464,0.0,5377.4962886598,3711.34020618557,0.0,0.0,0.0,0.0,0.0,3092.78350515464
3488,3092.78350515464,0.0,5585.84628865979,3711.34020618557,0.0,0.0,0.0,0.0,0.0,3092.78350515464
3489,3092.78350515464,0.0,4847.12628865979,3711.34020618557,0.0,0.0,0.0,0.0,0.0,3092.78350515464
3490,3092.78350515464,0.0,4051.19628865979,3711.34020618557,0.0,0.0,0.0,0.0,0.0,3092.78350515464
3491,3092.78350515464,0.0,3049.00128865979,3711.34020618557,0.0,0.0,0.0,0.0,0.0,3092.78350515464
3492,3092.78350515464,0.0,3155.42628865979,3711.34020618557,0.0,0.0,0.0,0.0,0.0,3092.78350515464
3493,3092.78350515464,0.0,3503.99628865979,3711.34020618557,0.0,0.0,0.0,0.0,0.0,3092.78350515464
3494,3092.78350515464,0.0,4133.87628865979,3711.34020618557,0.0,0.0,0.0,0.0,0.0,3092.78350515464
3495,3092.78350515464,0.0,4397.33628865979,3711.34020618557,0.0,0.0,0.0,0.0,0.0,3092.78350515464
3496,3092.78350515464,0.0,3375.94128865979,3711.34020618557,0.0,0.0,0.0,0.0,0.0,3092.78350515464
3497,3092.78350515464,0.0,1561.76628865979,3711.34020618557,0.0,0.0,0.0,0.0,0.0,3092.78350515464
3498,3092.78350515464,0.0,0.0,2186.72149484536,0.0,0.0,0.0,0.0,0.0,3092.78350515464
3499,0.0,0.0,0.0,0.0,0.0,0.0,3000.0,0.0,0.0,3000.0
3500,0.0,0.0,0.0,0.0,0.0,0.0,3000.0,0.0,0.0,3000.0
3501,0.0,0.0,0.0,0.0,0.0,0.0,3000.0,0.0,0.0,3000.0
3502,0.0,0.0,0.0,0.0,0.0,0.0,3000.0,0.0,0.0,3000.0
3503,0.0,0.0,0.0,0.0,0.0,0.0,0.0,0.0,0.0,0.0
3504,0.0,0.0,0.0,0.0,0.0,0.0,0.0,0.0,0.0,0.0
3505,0.0,0.0,0.0,0.0,0.0,0.0,0.0,0.0,0.0,0.0
3506,0.0,0.0,0.0,0.0,0.0,0.0,0.0,0.0,0.0,0.0
3507,0.0,0.0,0.0,11.93082,0.0,0.0,0.0,0.0,0.0,0.0
3508,0.0,0.0,848.389793814432,3711.34020618557,0.0,0.0,0.0,0.0,0.0,0.0
3509,773.19587628866,0.0,3627.08891752577,3711.34020618557,0.0,0.0,0.0,0.0,0.0,773.19587628866
3510,3092.78350515464,0.0,1925.72628865979,3711.34020618557,0.0,0.0,0.0,0.0,0.0,3092.78350515464
3511,3092.78350515464,0.0,4300.00128865979,3711.34020618557,0.0,0.0,0.0,0.0,0.0,3092.78350515464
3512,3092.78350515464,0.0,2994.13128865979,3711.34020618557,0.0,0.0,0.0,0.0,0.0,3092.78350515464
3513,3092.78350515464,0.0,1957.87128865979,3711.34020618557,0.0,0.0,0.0,0.0,0.0,3092.78350515464
3514,3092.78350515464,0.0,3443.21628865979,3711.34020618557,0.0,0.0,0.0,0.0,0.0,3092.78350515464
3515,3092.78350515464,0.0,1433.45628865979,3711.34020618557,0.0,0.0,0.0,0.0,0.0,3092.78350515464
3516,3092.78350515464,0.0,0.0,2220.23149484536,0.0,0.0,0.0,0.0,0.0,3092.78350515464
3517,3092.78350515464,0.0,0.0,976.176494845361,0.0,0.0,0.0,0.0,0.0,3092.78350515464
3518,1388.2635,0.0,0.0,0.0,0.0,0.0,1653.384405,0.0,0.0,3041.647905
3519,3092.78350515464,0.0,1817.96628865979,3711.34020618557,0.0,0.0,0.0,0.0,0.0,3092.78350515464
3520,3092.78350515464,0.0,0.0,3066.35149484536,0.0,0.0,0.0,0.0,0.0,3092.78350515464
3521,3092.78350515464,0.0,0.0,612.06649484536,0.0,0.0,0.0,0.0,0.0,3092.78350515464
3522,3092.78350515464,0.0,0.0,804.74149484536,0.0,0.0,0.0,0.0,0.0,3092.78350515464
3523,0.0,0.0,0.0,0.0,0.0,0.0,3000.0,0.0,0.0,3000.0
3524,0.0,0.0,0.0,0.0,0.0,0.0,3000.0,0.0,0.0,3000.0
3525,0.0,0.0,0.0,0.0,0.0,0.0,3000.0,0.0,0.0,3000.0
3526,0.0,0.0,0.0,0.0,0.0,0.0,3000.0,0.0,0.0,3000.0
3527,0.0,0.0,0.0,0.0,0.0,0.0,0.0,0.0,0.0,0.0
3528,0.0,0.0,0.0,0.0,0.0,0.0,0.0,0.0,0.0,0.0
3529,0.0,0.0,0.0,0.0,0.0,0.0,0.0,0.0,0.0,0.0
3530,0.0,0.0,0.0,0.0,0.0,0.0,0.0,0.0,0.0,0.0
3531,0.0,0.0,0.0,176.2635,0.0,0.0,0.0,0.0,0.0,0.0
3532,0.0,0.0,1524.42479381443,3711.34020618557,0.0,0.0,0.0,0.0,0.0,0.0
3533,773.19587628866,0.0,2857.40891752577,3711.34020618557,0.0,0.0,0.0,0.0,0.0,773.19587628866
3534,3092.78350515464,0.0,3999.56628865979,3711.34020618557,0.0,0.0,0.0,0.0,0.0,3092.78350515464
3535,3092.78350515464,0.0,5476.22628865979,3711.34020618557,0.0,0.0,0.0,0.0,0.0,3092.78350515464
3536,3092.78350515464,0.0,5524.15128865979,3711.34020618557,0.0,0.0,0.0,0.0,0.0,3092.78350515464
3537,3092.78350515464,0.0,4651.82628865979,3711.34020618557,0.0,0.0,0.0,0.0,0.0,3092.78350515464
3538,3092.78350515464,0.0,4216.1662886598,3711.34020618557,0.0,0.0,0.0,0.0,0.0,3092.78350515464
3539,3092.78350515464,0.0,3748.66128865979,3711.34020618557,0.0,0.0,0.0,0.0,0.0,3092.78350515464
3540,3092.78350515464,0.0,3457.28628865979,3711.34020618557,0.0,0.0,0.0,0.0,0.0,3092.78350515464
3541,3092.78350515464,0.0,3761.21628865979,3711.34020618557,0.0,0.0,0.0,0.0,0.0,3092.78350515464
3542,3092.78350515464,0.0,4013.20128865979,3711.34020618557,0.0,0.0,0.0,0.0,0.0,3092.78350515464
3543,3092.78350515464,0.0,4636.93128865979,3711.34020618557,0.0,0.0,0.0,0.0,0.0,3092.78350515464
3544,3092.78350515464,0.0,3505.70628865979,3711.34020618557,0.0,0.0,0.0,0.0,0.0,3092.78350515464
3545,3092.78350515464,0.0,1933.67628865979,3711.34020618557,0.0,0.0,0.0,0.0,0.0,3092.78350515464
3546,3092.78350515464,0.0,0.0,2882.40649484536,0.0,0.0,0.0,0.0,0.0,3092.78350515464
3547,0.0,0.0,0.0,0.0,0.0,0.0,3000.0,0.0,0.0,3000.0
3548,0.0,0.0,0.0,0.0,0.0,0.0,3000.0,0.0,0.0,3000.0
3549,0.0,0.0,0.0,0.0,0.0,0.0,3000.0,0.0,0.0,3000.0
3550,0.0,0.0,0.0,0.0,0.0,0.0,3000.0,0.0,0.0,3000.0
3551,0.0,0.0,0.0,0.0,0.0,0.0,0.0,0.0,0.0,0.0
3552,0.0,0.0,0.0,0.0,0.0,0.0,0.0,0.0,0.0,0.0
3553,0.0,0.0,0.0,0.0,0.0,0.0,0.0,0.0,0.0,0.0
3554,0.0,0.0,0.0,0.0,0.0,0.0,0.0,0.0,0.0,0.0
3555,0.0,0.0,0.0,1579.815,0.0,0.0,0.0,0.0,0.0,0.0
3556,0.0,0.0,1262.38979381443,3711.34020618557,0.0,0.0,0.0,0.0,0.0,0.0
3557,773.19587628866,0.0,4301.27891752577,3711.34020618557,0.0,0.0,0.0,0.0,0.0,773.19587628866
3558,3092.78350515464,0.0,4201.97628865979,3711.34020618557,0.0,0.0,0.0,0.0,0.0,3092.78350515464
3559,3092.78350515464,0.0,5218.99128865979,3711.34020618557,0.0,0.0,0.0,0.0,0.0,3092.78350515464
3560,3092.78350515464,0.0,5581.34628865979,3711.34020618557,0.0,0.0,0.0,0.0,0.0,3092.78350515464
3561,3092.78350515464,0.0,5405.12628865979,3711.34020618557,0.0,0.0,0.0,0.0,0.0,3092.78350515464
3562,3092.78350515464,0.0,4628.38128865979,3711.34020618557,0.0,0.0,0.0,0.0,0.0,3092.78350515464
3563,3092.78350515464,0.0,3919.31628865979,3711.34020618557,0.0,0.0,0.0,0.0,0.0,3092.78350515464
3564,3092.78350515464,0.0,3452.75628865979,3711.34020618557,0.0,0.0,0.0,0.0,0.0,3092.78350515464
3565,3092.78350515464,0.0,3787.66128865979,3711.34020618557,0.0,0.0,0.0,0.0,0.0,3092.78350515464
3566,3092.78350515464,0.0,4217.35128865979,3711.34020618557,0.0,0.0,0.0,0.0,0.0,3092.78350515464
3567,3092.78350515464,0.0,3954.91128865979,3711.34020618557,0.0,0.0,0.0,0.0,0.0,3092.78350515464
3568,3092.78350515464,0.0,374.186288659794,3711.34020618557,0.0,0.0,0.0,0.0,0.0,3092.78350515464
3569,3092.78350515464,0.0,105.431288659793,3711.34020618557,0.0,0.0,0.0,0.0,0.0,3092.78350515464
3570,3092.78350515464,0.0,0.0,1178.31649484536,0.0,0.0,0.0,0.0,0.0,3092.78350515464
3571,0.0,0.0,0.0,0.0,0.0,0.0,3000.0,0.0,0.0,3000.0
3572,0.0,0.0,0.0,0.0,0.0,0.0,3000.0,0.0,0.0,3000.0
3573,0.0,0.0,0.0,0.0,0.0,0.0,3000.0,0.0,0.0,3000.0
3574,0.0,0.0,0.0,0.0,0.0,0.0,3000.0,0.0,0.0,3000.0
3575,0.0,0.0,0.0,0.0,0.0,0.0,0.0,0.0,0.0,0.0
3576,0.0,0.0,0.0,0.0,0.0,0.0,0.0,0.0,0.0,0.0
3577,0.0,0.0,0.0,0.0,0.0,0.0,0.0,0.0,0.0,0.0
3578,0.0,0.0,0.0,0.0,0.0,0.0,0.0,0.0,0.0,0.0
3579,0.0,0.0,0.0,1441.1115,0.0,0.0,0.0,0.0,0.0,0.0
3580,0.0,0.0,1006.75979381443,3711.34020618557,0.0,0.0,0.0,0.0,0.0,0.0
3581,773.19587628866,0.0,2615.18891752577,3711.34020618557,0.0,0.0,0.0,0.0,0.0,773.19587628866
3582,3092.78350515464,0.0,3739.36128865979,3711.34020618557,0.0,0.0,0.0,0.0,0.0,3092.78350515464
3583,3092.78350515464,0.0,4931.83128865979,3711.34020618557,0.0,0.0,0.0,0.0,0.0,3092.78350515464
3584,3092.78350515464,0.0,5527.84128865979,3711.34020618557,0.0,0.0,0.0,0.0,0.0,3092.78350515464
3585,3092.78350515464,0.0,4999.66128865979,3711.34020618557,0.0,0.0,0.0,0.0,0.0,3092.78350515464
3586,3092.78350515464,0.0,4198.31628865979,3711.34020618557,0.0,0.0,0.0,0.0,0.0,3092.78350515464
3587,3092.78350515464,0.0,2267.27628865979,3711.34020618557,0.0,0.0,0.0,0.0,0.0,3092.78350515464
3588,3092.78350515464,0.0,1217.24628865979,3711.34020618557,0.0,0.0,0.0,0.0,0.0,3092.78350515464
3589,3092.78350515464,0.0,2865.83628865979,3711.34020618557,0.0,0.0,0.0,0.0,0.0,3092.78350515464
3590,3092.78350515464,0.0,4134.43128865979,3711.34020618557,0.0,0.0,0.0,0.0,0.0,3092.78350515464
3591,3092.78350515464,0.0,4490.41128865979,3711.34020618557,0.0,0.0,0.0,0.0,0.0,3092.78350515464
3592,3092.78350515464,0.0,3415.18128865979,3711.34020618557,0.0,0.0,0.0,0.0,0.0,3092.78350515464
3593,3092.78350515464,0.0,1397.00628865979,3711.34020618557,0.0,0.0,0.0,0.0,0.0,3092.78350515464
3594,3092.78350515464,0.0,0.0,2262.74149484536,0.0,0.0,0.0,0.0,0.0,3092.78350515464
3595,0.0,0.0,0.0,0.0,0.0,0.0,3000.0,0.0,0.0,3000.0
3596,0.0,0.0,0.0,0.0,0.0,0.0,3000.0,0.0,0.0,3000.0
3597,0.0,0.0,0.0,0.0,0.0,0.0,3000.0,0.0,0.0,3000.0
3598,0.0,0.0,0.0,0.0,0.0,0.0,3000.0,0.0,0.0,3000.0
3599,0.0,0.0,0.0,0.0,0.0,0.0,0.0,0.0,0.0,0.0
3600,0.0,0.0,0.0,0.0,0.0,0.0,0.0,0.0,0.0,0.0
3601,0.0,0.0,0.0,0.0,0.0,0.0,0.0,0.0,0.0,0.0
3602,0.0,0.0,0.0,0.0,0.0,0.0,0.0,0.0,0.0,0.0
3603,0.0,0.0,0.0,408.15,0.0,0.0,0.0,0.0,0.0,0.0
3604,0.0,0.0,1158.67979381443,3711.34020618557,0.0,0.0,0.0,0.0,0.0,0.0
3605,773.19587628866,0.0,2972.71391752577,3711.34020618557,0.0,0.0,0.0,0.0,0.0,773.19587628866
3606,3092.78350515464,0.0,2750.42628865979,3711.34020618557,0.0,0.0,0.0,0.0,0.0,3092.78350515464
3607,3092.78350515464,0.0,2894.63628865979,3711.34020618557,0.0,0.0,0.0,0.0,0.0,3092.78350515464
3608,3092.78350515464,0.0,3283.31628865979,3711.34020618557,0.0,0.0,0.0,0.0,0.0,3092.78350515464
3609,3092.78350515464,0.0,3402.32628865979,3711.34020618557,0.0,0.0,0.0,0.0,0.0,3092.78350515464
3610,3092.78350515464,0.0,1566.43128865979,3711.34020618557,0.0,0.0,0.0,0.0,0.0,3092.78350515464
3611,3092.78350515464,0.0,3399.94128865979,3711.34020618557,0.0,0.0,0.0,0.0,0.0,3092.78350515464
3612,3092.78350515464,0.0,3339.65628865979,3711.34020618557,0.0,0.0,0.0,0.0,0.0,3092.78350515464
3613,3092.78350515464,0.0,3622.0162886598,3711.34020618557,0.0,0.0,0.0,0.0,0.0,3092.78350515464
3614,3092.78350515464,0.0,3629.96628865979,3711.34020618557,0.0,0.0,0.0,0.0,0.0,3092.78350515464
3615,3092.78350515464,0.0,3325.07628865979,3711.34020618557,0.0,0.0,0.0,0.0,0.0,3092.78350515464
3616,3092.78350515464,0.0,2303.62128865979,3711.34020618557,0.0,0.0,0.0,0.0,0.0,3092.78350515464
3617,3092.78350515464,0.0,1229.03628865979,3711.34020618557,0.0,0.0,0.0,0.0,0.0,3092.78350515464
3618,2486.91,0.0,0.0,0.0,0.0,0.0,587.6973,0.0,0.0,3074.6072999999997
3619,0.0,0.0,0.0,0.0,0.0,0.0,3000.0,0.0,0.0,3000.0
3620,0.0,0.0,0.0,0.0,0.0,0.0,3000.0,0.0,0.0,3000.0
3621,0.0,0.0,0.0,0.0,0.0,0.0,3000.0,0.0,0.0,3000.0
3622,0.0,0.0,0.0,0.0,0.0,0.0,3000.0,0.0,0.0,3000.0
3623,0.0,0.0,0.0,0.0,0.0,0.0,0.0,0.0,0.0,0.0
3624,0.0,0.0,0.0,0.0,0.0,0.0,0.0,0.0,0.0,0.0
3625,0.0,0.0,0.0,0.0,0.0,0.0,0.0,0.0,0.0,0.0
3626,0.0,0.0,0.0,0.0,0.0,0.0,0.0,0.0,0.0,0.0
3627,0.0,0.0,0.0,0.0,0.0,0.0,0.0,0.0,0.0,0.0
3628,0.0,0.0,0.0,97.49295,0.0,0.0,0.0,0.0,0.0,0.0
3629,407.163,0.0,0.0,0.0,0.0,0.0,355.05189,0.0,0.0,762.21489
3630,2426.055,0.0,0.0,0.0,0.0,0.0,646.72665,0.0,0.0,3072.78165
3631,1225.0695,0.0,0.0,0.0,0.0,0.0,1811.682585,0.0,0.0,3036.752085
3632,2989.35,0.0,0.0,0.0,0.0,0.0,100.3305,0.0,0.0,3089.6805
3633,3092.78350515464,0.0,0.0,3092.78149484536,0.0,0.0,0.0,0.0,0.0,3092.78350515464
3634,3092.78350515464,0.0,58.3762886597933,3711.34020618557,0.0,0.0,0.0,0.0,0.0,3092.78350515464
3635,3092.78350515464,0.0,0.0,311.946494845361,0.0,0.0,0.0,0.0,0.0,3092.78350515464
3636,2777.085,0.0,0.0,0.0,0.0,0.0,306.22755,0.0,0.0,3083.31255
3637,1734.555,0.0,0.0,0.0,0.0,0.0,1317.48165,0.0,0.0,3052.03665
3638,1610.61,0.0,0.0,0.0,0.0,0.0,1437.7083,0.0,0.0,3048.3183
3639,955.5195,0.0,0.0,0.0,0.0,0.0,2073.146085,0.0,0.0,3028.6655849999997
3640,991.0845,0.0,0.0,0.0,0.0,0.0,2038.648035,0.0,0.0,3029.732535
3641,643.7745,0.0,0.0,0.0,0.0,0.0,2375.538735,0.0,0.0,3019.313235
3642,71.71995,0.0,0.0,0.0,0.0,0.0,2930.4316485,0.0,0.0,3002.1515985
3643,0.0,0.0,0.0,0.0,0.0,0.0,3000.0,0.0,0.0,3000.0
3644,0.0,0.0,0.0,0.0,0.0,0.0,3000.0,0.0,0.0,3000.0
3645,0.0,0.0,0.0,0.0,0.0,0.0,3000.0,0.0,0.0,3000.0
3646,0.0,0.0,0.0,0.0,0.0,0.0,3000.0,0.0,0.0,3000.0
3647,0.0,0.0,0.0,0.0,0.0,0.0,0.0,0.0,0.0,0.0
3648,0.0,0.0,0.0,0.0,0.0,0.0,0.0,0.0,0.0,0.0
3649,0.0,0.0,0.0,0.0,0.0,0.0,0.0,0.0,0.0,0.0
3650,0.0,0.0,0.0,0.0,0.0,0.0,0.0,0.0,0.0,0.0
3651,0.0,0.0,0.0,96.6246,0.0,0.0,0.0,0.0,0.0,0.0
3652,0.0,0.0,0.0,3650.565,0.0,0.0,0.0,0.0,0.0,0.0
3653,773.19587628866,0.0,0.0,181.95462371134,0.0,0.0,0.0,0.0,0.0,773.19587628866
3654,2195.385,0.0,0.0,0.0,0.0,0.0,870.47655,0.0,0.0,3065.86155
3655,3092.78350515464,0.0,522.971288659794,3711.34020618557,0.0,0.0,0.0,0.0,0.0,3092.78350515464
3656,3092.78350515464,0.0,0.0,379.35649484536,0.0,0.0,0.0,0.0,0.0,3092.78350515464
3657,3092.78350515464,0.0,0.0,748.61149484536,0.0,0.0,0.0,0.0,0.0,3092.78350515464
3658,3092.78350515464,0.0,78.3112886597937,3711.34020618557,0.0,0.0,0.0,0.0,0.0,3092.78350515464
3659,3092.78350515464,0.0,729.686288659793,3711.34020618557,0.0,0.0,0.0,0.0,0.0,3092.78350515464
3660,3092.78350515464,0.0,0.0,3424.94149484536,0.0,0.0,0.0,0.0,0.0,3092.78350515464
3661,3092.78350515464,0.0,3327.23628865979,3711.34020618557,0.0,0.0,0.0,0.0,0.0,3092.78350515464
3662,3092.78350515464,0.0,2626.45128865979,3711.34020618557,0.0,0.0,0.0,0.0,0.0,3092.78350515464
3663,3092.78350515464,0.0,1943.72628865979,3711.34020618557,0.0,0.0,0.0,0.0,0.0,3092.78350515464
3664,3092.78350515464,0.0,0.0,3388.88149484536,0.0,0.0,0.0,0.0,0.0,3092.78350515464
3665,742.32,0.0,0.0,0.0,0.0,0.0,2279.9496,0.0,0.0,3022.2696
3666,615.0135,0.0,0.0,0.0,0.0,0.0,2403.436905,0.0,0.0,3018.450405
3667,572.535,0.0,0.0,0.0,0.0,0.0,2444.64105,0.0,0.0,3017.17605
3668,0.0,0.0,0.0,0.0,0.0,0.0,3000.0,0.0,0.0,3000.0
3669,0.0,0.0,0.0,0.0,0.0,0.0,3000.0,0.0,0.0,3000.0
3670,0.0,0.0,0.0,0.0,0.0,0.0,3000.0,0.0,0.0,3000.0
3671,0.0,0.0,0.0,0.0,0.0,0.0,0.0,0.0,0.0,0.0
3672,0.0,0.0,0.0,0.0,0.0,0.0,0.0,0.0,0.0,0.0
3673,0.0,0.0,0.0,0.0,0.0,0.0,0.0,0.0,0.0,0.0
3674,0.0,0.0,0.0,0.0,0.0,0.0,0.0,0.0,0.0,0.0
3675,0.0,0.0,0.0,1402.359,0.0,0.0,0.0,0.0,0.0,0.0
3676,0.0,0.0,1435.27979381443,3711.34020618557,0.0,0.0,0.0,0.0,0.0,0.0
3677,773.19587628866,0.0,3002.17391752577,3711.34020618557,0.0,0.0,0.0,0.0,0.0,773.19587628866
3678,3092.78350515464,0.0,0.0,2817.86149484536,0.0,0.0,0.0,0.0,0.0,3092.78350515464
3679,3092.78350515464,0.0,3701.50128865979,3711.34020618557,0.0,0.0,0.0,0.0,0.0,3092.78350515464
3680,3092.78350515464,0.0,2701.04628865979,3711.34020618557,0.0,0.0,0.0,0.0,0.0,3092.78350515464
3681,3092.78350515464,0.0,1111.03128865979,3711.34020618557,0.0,0.0,0.0,0.0,0.0,3092.78350515464
3682,3092.78350515464,0.0,3110.99628865979,3711.34020618557,0.0,0.0,0.0,0.0,0.0,3092.78350515464
3683,3092.78350515464,0.0,0.0,2978.70649484536,0.0,0.0,0.0,0.0,0.0,3092.78350515464
3684,3092.78350515464,0.0,0.0,1462.43149484536,0.0,0.0,0.0,0.0,0.0,3092.78350515464
3685,3092.78350515464,0.0,0.0,611.01649484536,0.0,0.0,0.0,0.0,0.0,3092.78350515464
3686,3092.78350515464,0.0,0.0,226.58149484536,0.0,0.0,0.0,0.0,0.0,3092.78350515464
3687,3092.78350515464,0.0,0.0,26.3164948453605,0.0,0.0,0.0,0.0,0.0,3092.78350515464
3688,3092.78350515464,0.0,0.0,341.976494845361,0.0,0.0,0.0,0.0,0.0,3092.78350515464
3689,2193.84,0.0,0.0,0.0,0.0,0.0,871.9752,0.0,0.0,3065.8152
3690,265.8945,0.0,0.0,0.0,0.0,0.0,2742.082335,0.0,0.0,3007.976835
3691,288.732,0.0,0.0,0.0,0.0,0.0,2719.92996,0.0,0.0,3008.66196
3692,0.0,0.0,0.0,0.0,0.0,0.0,3000.0,0.0,0.0,3000.0
3693,0.0,0.0,0.0,0.0,0.0,0.0,3000.0,0.0,0.0,3000.0
3694,0.0,0.0,0.0,0.0,0.0,0.0,3000.0,0.0,0.0,3000.0
3695,0.0,0.0,0.0,0.0,0.0,0.0,0.0,0.0,0.0,0.0
3696,0.0,0.0,0.0,0.0,0.0,0.0,0.0,0.0,0.0,0.0
3697,0.0,0.0,0.0,0.0,0.0,0.0,0.0,0.0,0.0,0.0
3698,0.0,0.0,0.0,0.0,0.0,0.0,0.0,0.0,0.0,0.0
3699,0.0,0.0,0.0,0.0,0.0,0.0,0.0,0.0,0.0,0.0
3700,0.0,0.0,0.0,163.6035,0.0,0.0,0.0,0.0,0.0,0.0
3701,773.19587628866,0.0,0.0,35.1631237113402,0.0,0.0,0.0,0.0,0.0,773.19587628866
3702,849.579,0.0,0.0,0.0,0.0,0.0,2175.90837,0.0,0.0,3025.48737
3703,1925.415,0.0,0.0,0.0,0.0,0.0,1132.34745,0.0,0.0,3057.76245
3704,3092.78350515464,0.0,0.0,117.53149484536,0.0,0.0,0.0,0.0,0.0,3092.78350515464
3705,3092.78350515464,0.0,0.0,983.91649484536,0.0,0.0,0.0,0.0,0.0,3092.78350515464
3706,3092.78350515464,0.0,0.0,792.54649484536,0.0,0.0,0.0,0.0,0.0,3092.78350515464
3707,3092.78350515464,0.0,0.0,3700.25149484536,0.0,0.0,0.0,0.0,0.0,3092.78350515464
3708,3092.78350515464,0.0,557.591288659793,3711.34020618557,0.0,0.0,0.0,0.0,0.0,3092.78350515464
3709,3092.78350515464,0.0,0.0,2674.94149484536,0.0,0.0,0.0,0.0,0.0,3092.78350515464
3710,3092.78350515464,0.0,0.0,1894.20649484536,0.0,0.0,0.0,0.0,0.0,3092.78350515464
3711,2622.27,0.0,0.0,0.0,0.0,0.0,456.3981,0.0,0.0,3078.6681
3712,3092.78350515464,0.0,0.0,126.08149484536,0.0,0.0,0.0,0.0,0.0,3092.78350515464
3713,1139.3055,0.0,0.0,0.0,0.0,0.0,1894.873665,0.0,0.0,3034.179165
3714,3092.78350515464,0.0,0.0,491.25649484536,0.0,0.0,0.0,0.0,0.0,3092.78350515464
3715,20.54415,0.0,0.0,0.0,0.0,0.0,2980.0721745,0.0,0.0,3000.6163245000002
3716,0.0,0.0,0.0,0.0,0.0,0.0,3000.0,0.0,0.0,3000.0
3717,0.0,0.0,0.0,0.0,0.0,0.0,3000.0,0.0,0.0,3000.0
3718,0.0,0.0,0.0,0.0,0.0,0.0,3000.0,0.0,0.0,3000.0
3719,0.0,0.0,0.0,0.0,0.0,0.0,0.0,0.0,0.0,0.0
3720,0.0,0.0,0.0,0.0,0.0,0.0,0.0,0.0,0.0,0.0
3721,0.0,0.0,0.0,0.0,0.0,0.0,0.0,0.0,0.0,0.0
3722,0.0,0.0,0.0,0.0,0.0,0.0,0.0,0.0,0.0,0.0
3723,0.0,0.0,0.0,737.4195,0.0,0.0,0.0,0.0,0.0,0.0
3724,0.0,0.0,274.444793814433,3711.34020618557,0.0,0.0,0.0,0.0,0.0,0.0
3725,773.19587628866,0.0,3.31391752577235,3711.34020618557,0.0,0.0,0.0,0.0,0.0,773.19587628866
3726,3092.78350515464,0.0,0.0,294.89149484536,0.0,0.0,0.0,0.0,0.0,3092.78350515464
3727,3092.78350515464,0.0,0.0,3007.08649484536,0.0,0.0,0.0,0.0,0.0,3092.78350515464
3728,3092.78350515464,0.0,3777.67128865979,3711.34020618557,0.0,0.0,0.0,0.0,0.0,3092.78350515464
3729,3092.78350515464,0.0,1214.45628865979,3711.34020618557,0.0,0.0,0.0,0.0,0.0,3092.78350515464
3730,3092.78350515464,0.0,91.7062886597923,3711.34020618557,0.0,0.0,0.0,0.0,0.0,3092.78350515464
3731,3092.78350515464,0.0,0.0,3254.99149484536,0.0,0.0,0.0,0.0,0.0,3092.78350515464
3732,3092.78350515464,0.0,0.0,212.901494845361,0.0,0.0,0.0,0.0,0.0,3092.78350515464
3733,1906.02,0.0,0.0,0.0,0.0,0.0,1151.1606,0.0,0.0,3057.1805999999997
3734,2186.715,0.0,0.0,0.0,0.0,0.0,878.88645,0.0,0.0,3065.60145
3735,1640.805,0.0,0.0,0.0,0.0,0.0,1408.41915,0.0,0.0,3049.22415
3736,3092.78350515464,0.0,0.0,3466.49149484536,0.0,0.0,0.0,0.0,0.0,3092.78350515464
3737,1592.505,0.0,0.0,0.0,0.0,0.0,1455.27015,0.0,0.0,3047.7751500000004
3738,1741.305,0.0,0.0,0.0,0.0,0.0,1310.93415,0.0,0.0,3052.2391500000003
3739,50.37105,0.0,0.0,0.0,0.0,0.0,2951.1400815,0.0,0.0,3001.5111315000004
3740,0.0,0.0,0.0,0.0,0.0,0.0,3000.0,0.0,0.0,3000.0
3741,0.0,0.0,0.0,0.0,0.0,0.0,3000.0,0.0,0.0,3000.0
3742,0.0,0.0,0.0,0.0,0.0,0.0,3000.0,0.0,0.0,3000.0
3743,0.0,0.0,0.0,0.0,0.0,0.0,0.0,0.0,0.0,0.0
3744,0.0,0.0,0.0,0.0,0.0,0.0,0.0,0.0,0.0,0.0
3745,0.0,0.0,0.0,0.0,0.0,0.0,0.0,0.0,0.0,0.0
3746,0.0,0.0,0.0,0.0,0.0,0.0,0.0,0.0,0.0,0.0
3747,0.0,0.0,0.0,0.0,0.0,0.0,0.0,0.0,0.0,0.0
3748,0.0,0.0,0.0,113.2995,0.0,0.0,0.0,0.0,0.0,0.0
3749,520.5225,0.0,0.0,0.0,0.0,0.0,245.093175,0.0,0.0,765.615675
3750,3092.78350515464,0.0,1359.67128865979,3711.34020618557,0.0,0.0,0.0,0.0,0.0,3092.78350515464
3751,3092.78350515464,0.0,2626.58628865979,3711.34020618557,0.0,0.0,0.0,0.0,0.0,3092.78350515464
3752,3092.78350515464,0.0,4275.62628865979,3711.34020618557,0.0,0.0,0.0,0.0,0.0,3092.78350515464
3753,3092.78350515464,0.0,4114.18128865979,3711.34020618557,0.0,0.0,0.0,0.0,0.0,3092.78350515464
3754,3092.78350515464,0.0,3792.2662886598,3711.34020618557,0.0,0.0,0.0,0.0,0.0,3092.78350515464
3755,3092.78350515464,0.0,2180.98128865979,3711.34020618557,0.0,0.0,0.0,0.0,0.0,3092.78350515464
3756,3092.78350515464,0.0,2099.92128865979,3711.34020618557,0.0,0.0,0.0,0.0,0.0,3092.78350515464
3757,3092.78350515464,0.0,2076.47628865979,3711.34020618557,0.0,0.0,0.0,0.0,0.0,3092.78350515464
3758,3092.78350515464,0.0,2511.91128865979,3711.34020618557,0.0,0.0,0.0,0.0,0.0,3092.78350515464
3759,3092.78350515464,0.0,776.231288659793,3711.34020618557,0.0,0.0,0.0,0.0,0.0,3092.78350515464
3760,3092.78350515464,0.0,0.0,2806.79149484536,0.0,0.0,0.0,0.0,0.0,3092.78350515464
3761,3092.78350515464,0.0,1870.33128865979,3711.34020618557,0.0,0.0,0.0,0.0,0.0,3092.78350515464
3762,3092.78350515464,0.0,0.0,1873.25149484536,0.0,0.0,0.0,0.0,0.0,3092.78350515464
3763,1086.207,0.0,0.0,0.0,0.0,0.0,1946.37921,0.0,0.0,3032.5862100000004
3764,0.0,0.0,0.0,0.0,0.0,0.0,3000.0,0.0,0.0,3000.0
3765,0.0,0.0,0.0,0.0,0.0,0.0,3000.0,0.0,0.0,3000.0
3766,0.0,0.0,0.0,0.0,0.0,0.0,3000.0,0.0,0.0,3000.0
3767,0.0,0.0,0.0,0.0,0.0,0.0,0.0,0.0,0.0,0.0
3768,0.0,0.0,0.0,0.0,0.0,0.0,0.0,0.0,0.0,0.0
3769,0.0,0.0,0.0,0.0,0.0,0.0,0.0,0.0,0.0,0.0
3770,0.0,0.0,0.0,0.0,0.0,0.0,0.0,0.0,0.0,0.0
3771,0.0,0.0,0.0,44.11785,0.0,0.0,0.0,0.0,0.0,0.0
3772,0.0,0.0,1428.54479381443,3711.34020618557,0.0,0.0,0.0,0.0,0.0,0.0
3773,773.19587628866,0.0,3551.53391752577,3711.34020618557,0.0,0.0,0.0,0.0,0.0,773.19587628866
3774,3092.78350515464,0.0,3140.86128865979,3711.34020618557,0.0,0.0,0.0,0.0,0.0,3092.78350515464
3775,3092.78350515464,0.0,348.746288659793,3711.34020618557,0.0,0.0,0.0,0.0,0.0,3092.78350515464
3776,3092.78350515464,0.0,437.981288659793,3711.34020618557,0.0,0.0,0.0,0.0,0.0,3092.78350515464
3777,3092.78350515464,0.0,2229.22128865979,3711.34020618557,0.0,0.0,0.0,0.0,0.0,3092.78350515464
3778,3092.78350515464,0.0,2314.34628865979,3711.34020618557,0.0,0.0,0.0,0.0,0.0,3092.78350515464
3779,3092.78350515464,0.0,1718.65128865979,3711.34020618557,0.0,0.0,0.0,0.0,0.0,3092.78350515464
3780,3092.78350515464,0.0,240.401288659793,3711.34020618557,0.0,0.0,0.0,0.0,0.0,3092.78350515464
3781,3092.78350515464,0.0,52.1362886597935,3711.34020618557,0.0,0.0,0.0,0.0,0.0,3092.78350515464
3782,3092.78350515464,0.0,0.0,2470.59649484536,0.0,0.0,0.0,0.0,0.0,3092.78350515464
3783,3092.78350515464,0.0,0.0,1805.57149484536,0.0,0.0,0.0,0.0,0.0,3092.78350515464
3784,1483.296,0.0,0.0,0.0,0.0,0.0,1561.20288,0.0,0.0,3044.49888
3785,714.99,0.0,0.0,0.0,0.0,0.0,2306.4597,0.0,0.0,3021.4497
3786,1663.155,0.0,0.0,0.0,0.0,0.0,1386.73965,0.0,0.0,3049.89465
3787,557.4,0.0,0.0,0.0,0.0,0.0,2459.322,0.0,0.0,3016.722
3788,0.0,0.0,0.0,0.0,0.0,0.0,3000.0,0.0,0.0,3000.0
3789,0.0,0.0,0.0,0.0,0.0,0.0,3000.0,0.0,0.0,3000.0
3790,0.0,0.0,0.0,0.0,0.0,0.0,3000.0,0.0,0.0,3000.0
3791,0.0,0.0,0.0,0.0,0.0,0.0,0.0,0.0,0.0,0.0
3792,0.0,0.0,0.0,0.0,0.0,0.0,0.0,0.0,0.0,0.0
3793,0.0,0.0,0.0,0.0,0.0,0.0,0.0,0.0,0.0,0.0
3794,0.0,0.0,0.0,0.0,0.0,0.0,0.0,0.0,0.0,0.0
3795,0.0,0.0,0.0,0.0,0.0,0.0,0.0,0.0,0.0,0.0
3796,0.0,0.0,0.0,113.97765,0.0,0.0,0.0,0.0,0.0,0.0
3797,577.653,0.0,0.0,0.0,0.0,0.0,189.67659,0.0,0.0,767.32959
3798,3092.78350515464,0.0,0.0,2402.88649484536,0.0,0.0,0.0,0.0,0.0,3092.78350515464
3799,3092.78350515464,0.0,381.281288659793,3711.34020618557,0.0,0.0,0.0,0.0,0.0,3092.78350515464
3800,3092.78350515464,0.0,0.0,403.251494845361,0.0,0.0,0.0,0.0,0.0,3092.78350515464
3801,3092.78350515464,0.0,0.0,339.321494845361,0.0,0.0,0.0,0.0,0.0,3092.78350515464
3802,3092.78350515464,0.0,0.0,783.06649484536,0.0,0.0,0.0,0.0,0.0,3092.78350515464
3803,3092.78350515464,0.0,0.0,1120.52149484536,0.0,0.0,0.0,0.0,0.0,3092.78350515464
3804,3092.78350515464,0.0,0.0,952.16149484536,0.0,0.0,0.0,0.0,0.0,3092.78350515464
3805,3092.78350515464,0.0,0.0,854.25649484536,0.0,0.0,0.0,0.0,0.0,3092.78350515464
3806,2988.48,0.0,0.0,0.0,0.0,0.0,101.1744,0.0,0.0,3089.6544
3807,3092.78350515464,0.0,806.096288659794,3711.34020618557,0.0,0.0,0.0,0.0,0.0,3092.78350515464
3808,3092.78350515464,0.0,1815.10128865979,3711.34020618557,0.0,0.0,0.0,0.0,0.0,3092.78350515464
3809,3092.78350515464,0.0,880.886288659794,3711.34020618557,0.0,0.0,0.0,0.0,0.0,3092.78350515464
3810,3092.78350515464,0.0,0.0,1419.63649484536,0.0,0.0,0.0,0.0,0.0,3092.78350515464
3811,296.9295,0.0,0.0,0.0,0.0,0.0,2711.978385,0.0,0.0,3008.907885
3812,0.0,0.0,0.0,0.0,0.0,0.0,3000.0,0.0,0.0,3000.0
3813,0.0,0.0,0.0,0.0,0.0,0.0,3000.0,0.0,0.0,3000.0
3814,0.0,0.0,0.0,0.0,0.0,0.0,3000.0,0.0,0.0,3000.0
3815,0.0,0.0,0.0,0.0,0.0,0.0,0.0,0.0,0.0,0.0
3816,0.0,0.0,0.0,0.0,0.0,0.0,0.0,0.0,0.0,0.0
3817,0.0,0.0,0.0,0.0,0.0,0.0,0.0,0.0,0.0,0.0
3818,0.0,0.0,0.0,0.0,0.0,0.0,0.0,0.0,0.0,0.0
3819,0.0,0.0,0.0,0.0,0.0,0.0,0.0,0.0,0.0,0.0
3820,0.0,0.0,0.0,538.8555,0.0,0.0,0.0,0.0,0.0,0.0
3821,773.19587628866,0.0,-1.13686837721616e-13,3096.65412371134,0.0,0.0,0.0,0.0,0.0,773.19587628866
3822,1008.966,0.0,0.0,0.0,0.0,0.0,2021.30298,0.0,0.0,3030.26898
3823,1503.885,0.0,0.0,0.0,0.0,0.0,1541.23155,0.0,0.0,3045.1165499999997
3824,1697.76,0.0,0.0,0.0,0.0,0.0,1353.1728,0.0,0.0,3050.9328
3825,2095.065,0.0,0.0,0.0,0.0,0.0,967.78695,0.0,0.0,3062.85195
3826,2071.065,0.0,0.0,0.0,0.0,0.0,991.06695,0.0,0.0,3062.13195
3827,2884.44,0.0,0.0,0.0,0.0,0.0,202.0932,0.0,0.0,3086.5332
3828,2520.51,0.0,0.0,0.0,0.0,0.0,555.1053,0.0,0.0,3075.6153000000004
3829,2045.88,0.0,0.0,0.0,0.0,0.0,1015.4964,0.0,0.0,3061.3764
3830,1796.88,0.0,0.0,0.0,0.0,0.0,1257.0264,0.0,0.0,3053.9064
3831,3092.78350515464,0.0,0.0,1058.72149484536,0.0,0.0,0.0,0.0,0.0,3092.78350515464
3832,3092.78350515464,0.0,0.0,1097.33149484536,0.0,0.0,0.0,0.0,0.0,3092.78350515464
3833,1136.871,0.0,0.0,0.0,0.0,0.0,1897.23513,0.0,0.0,3034.10613
3834,102.4296,0.0,0.0,0.0,0.0,0.0,2900.643288,0.0,0.0,3003.072888
3835,10.766235,0.0,0.0,0.0,0.0,0.0,2989.55675205,0.0,0.0,3000.32298705
3836,0.0,0.0,0.0,0.0,0.0,0.0,3000.0,0.0,0.0,3000.0
3837,0.0,0.0,0.0,0.0,0.0,0.0,3000.0,0.0,0.0,3000.0
3838,0.0,0.0,0.0,0.0,0.0,0.0,3000.0,0.0,0.0,3000.0
3839,0.0,0.0,0.0,0.0,0.0,0.0,0.0,0.0,0.0,0.0
3840,0.0,0.0,0.0,0.0,0.0,0.0,0.0,0.0,0.0,0.0
3841,0.0,0.0,0.0,0.0,0.0,0.0,0.0,0.0,0.0,0.0
3842,0.0,0.0,0.0,0.0,0.0,0.0,0.0,0.0,0.0,0.0
3843,0.0,0.0,0.0,0.0,0.0,0.0,0.0,0.0,0.0,0.0
3844,0.0,0.0,0.0,112.6251,0.0,0.0,0.0,0.0,0.0,0.0
3845,569.5575,0.0,0.0,0.0,0.0,0.0,197.529225,0.0,0.0,767.086725
3846,3092.78350515464,0.0,0.0,1493.85649484536,0.0,0.0,0.0,0.0,0.0,3092.78350515464
3847,3092.78350515464,0.0,0.0,2082.38149484536,0.0,0.0,0.0,0.0,0.0,3092.78350515464
3848,3092.78350515464,0.0,2380.87128865979,3711.34020618557,0.0,0.0,0.0,0.0,0.0,3092.78350515464
3849,3092.78350515464,0.0,1925.26128865979,3711.34020618557,0.0,0.0,0.0,0.0,0.0,3092.78350515464
3850,3092.78350515464,0.0,0.0,2972.43649484536,0.0,0.0,0.0,0.0,0.0,3092.78350515464
3851,3092.78350515464,0.0,0.0,1473.63649484536,0.0,0.0,0.0,0.0,0.0,3092.78350515464
3852,3092.78350515464,0.0,640.421288659793,3711.34020618557,0.0,0.0,0.0,0.0,0.0,3092.78350515464
3853,3092.78350515464,0.0,0.0,2526.12649484536,0.0,0.0,0.0,0.0,0.0,3092.78350515464
3854,3092.78350515464,0.0,0.0,3603.30649484536,0.0,0.0,0.0,0.0,0.0,3092.78350515464
3855,3092.78350515464,0.0,4096.18128865979,3711.34020618557,0.0,0.0,0.0,0.0,0.0,3092.78350515464
3856,3092.78350515464,0.0,4194.68628865979,3711.34020618557,0.0,0.0,0.0,0.0,0.0,3092.78350515464
3857,3092.78350515464,0.0,2361.50628865979,3711.34020618557,0.0,0.0,0.0,0.0,0.0,3092.78350515464
3858,3092.78350515464,0.0,0.0,2765.04649484536,0.0,0.0,0.0,0.0,0.0,3092.78350515464
3859,39.80115,0.0,0.0,0.0,0.0,0.0,2961.3928845,0.0,0.0,3001.1940345
3860,0.0,0.0,0.0,0.0,0.0,0.0,3000.0,0.0,0.0,3000.0
3861,0.0,0.0,0.0,0.0,0.0,0.0,3000.0,0.0,0.0,3000.0
3862,0.0,0.0,0.0,0.0,0.0,0.0,3000.0,0.0,0.0,3000.0
3863,0.0,0.0,0.0,0.0,0.0,0.0,0.0,0.0,0.0,0.0
3864,0.0,0.0,0.0,0.0,0.0,0.0,0.0,0.0,0.0,0.0
3865,0.0,0.0,0.0,0.0,0.0,0.0,0.0,0.0,0.0,0.0
3866,0.0,0.0,0.0,0.0,0.0,0.0,0.0,0.0,0.0,0.0
3867,0.0,0.0,0.0,30.73545,0.0,0.0,0.0,0.0,0.0,0.0
3868,0.0,0.0,0.0,396.0975,0.0,0.0,0.0,0.0,0.0,0.0
3869,238.671,0.0,0.0,0.0,0.0,0.0,518.48913,0.0,0.0,757.16013
3870,546.1815,0.0,0.0,0.0,0.0,0.0,2470.203945,0.0,0.0,3016.3854450000003
3871,673.917,0.0,0.0,0.0,0.0,0.0,2346.30051,0.0,0.0,3020.21751
3872,1043.6445,0.0,0.0,0.0,0.0,0.0,1987.664835,0.0,0.0,3031.309335
3873,775.4175,0.0,0.0,0.0,0.0,0.0,2247.845025,0.0,0.0,3023.262525
3874,763.74,0.0,0.0,0.0,0.0,0.0,2259.1722,0.0,0.0,3022.9121999999998
3875,1511.31,0.0,0.0,0.0,0.0,0.0,1534.0293,0.0,0.0,3045.3392999999996
3876,1451.0595,0.0,0.0,0.0,0.0,0.0,1592.472285,0.0,0.0,3043.531785
3877,2060.76,0.0,0.0,0.0,0.0,0.0,1001.0628,0.0,0.0,3061.8228000000004
3878,1234.3245,0.0,0.0,0.0,0.0,0.0,1802.705235,0.0,0.0,3037.029735
3879,2300.25,0.0,0.0,0.0,0.0,0.0,768.7575,0.0,0.0,3069.0075
3880,802.239,0.0,0.0,0.0,0.0,0.0,2221.82817,0.0,0.0,3024.06717
3881,164.055,0.0,0.0,0.0,0.0,0.0,2840.86665,0.0,0.0,3004.9216499999998
3882,293.973,0.0,0.0,0.0,0.0,0.0,2714.84619,0.0,0.0,3008.81919
3883,2337.84,0.0,0.0,0.0,0.0,0.0,732.2952,0.0,0.0,3070.1352
3884,0.0,0.0,0.0,0.0,0.0,0.0,3000.0,0.0,0.0,3000.0
3885,0.0,0.0,0.0,0.0,0.0,0.0,3000.0,0.0,0.0,3000.0
3886,0.0,0.0,0.0,0.0,0.0,0.0,3000.0,0.0,0.0,3000.0
3887,0.0,0.0,0.0,0.0,0.0,0.0,0.0,0.0,0.0,0.0
3888,0.0,0.0,0.0,0.0,0.0,0.0,0.0,0.0,0.0,0.0
3889,0.0,0.0,0.0,0.0,0.0,0.0,0.0,0.0,0.0,0.0
3890,0.0,0.0,0.0,0.0,0.0,0.0,0.0,0.0,0.0,0.0
3891,0.0,0.0,0.0,0.0,0.0,0.0,0.0,0.0,0.0,0.0
3892,0.0,0.0,0.0,113.55795,0.0,0.0,0.0,0.0,0.0,0.0
3893,239.3295,0.0,0.0,0.0,0.0,0.0,517.850385,0.0,0.0,757.179885
3894,1716.45,0.0,0.0,0.0,0.0,0.0,1335.0435,0.0,0.0,3051.4935
3895,2506.725,0.0,0.0,0.0,0.0,0.0,568.47675,0.0,0.0,3075.20175
3896,3092.78350515464,0.0,0.0,252.26149484536,0.0,0.0,0.0,0.0,0.0,3092.78350515464
3897,3092.78350515464,0.0,0.0,2540.99149484536,0.0,0.0,0.0,0.0,0.0,3092.78350515464
3898,3092.78350515464,0.0,0.0,2712.47149484536,0.0,0.0,0.0,0.0,0.0,3092.78350515464
3899,3025.89,0.0,0.0,0.0,0.0,0.0,64.8867,0.0,0.0,3090.7767
3900,3092.78350515464,0.0,0.0,284.346494845361,0.0,0.0,0.0,0.0,0.0,3092.78350515464
3901,3092.78350515464,0.0,0.0,126.696494845361,0.0,0.0,0.0,0.0,0.0,3092.78350515464
3902,3092.78350515464,0.0,0.0,674.601494845361,0.0,0.0,0.0,0.0,0.0,3092.78350515464
3903,2380.755,0.0,0.0,0.0,0.0,0.0,690.66765,0.0,0.0,3071.42265
3904,1179.705,0.0,0.0,0.0,0.0,0.0,1855.68615,0.0,0.0,3035.39115
3905,1352.373,0.0,0.0,0.0,0.0,0.0,1688.19819,0.0,0.0,3040.57119
3906,508.0545,0.0,0.0,0.0,0.0,0.0,2507.187135,0.0,0.0,3015.2416350000003
3907,20.3322,0.0,0.0,0.0,0.0,0.0,2980.277766,0.0,0.0,3000.609966
3908,0.0,0.0,0.0,0.0,0.0,0.0,3000.0,0.0,0.0,3000.0
3909,0.0,0.0,0.0,0.0,0.0,0.0,3000.0,0.0,0.0,3000.0
3910,0.0,0.0,0.0,0.0,0.0,0.0,3000.0,0.0,0.0,3000.0
3911,0.0,0.0,0.0,0.0,0.0,0.0,0.0,0.0,0.0,0.0
3912,0.0,0.0,0.0,0.0,0.0,0.0,0.0,0.0,0.0,0.0
3913,0.0,0.0,0.0,0.0,0.0,0.0,0.0,0.0,0.0,0.0
3914,0.0,0.0,0.0,0.0,0.0,0.0,0.0,0.0,0.0,0.0
3915,0.0,0.0,0.0,0.0,0.0,0.0,0.0,0.0,0.0,0.0
3916,0.0,0.0,0.0,112.809,0.0,0.0,0.0,0.0,0.0,0.0
3917,302.724,0.0,0.0,0.0,0.0,0.0,456.35772,0.0,0.0,759.0817199999999
3918,721.0005,0.0,0.0,0.0,0.0,0.0,2300.629515,0.0,0.0,3021.630015
3919,1771.29,0.0,0.0,0.0,0.0,0.0,1281.8487,0.0,0.0,3053.1387
3920,2639.01,0.0,0.0,0.0,0.0,0.0,440.1603,0.0,0.0,3079.1703
3921,2324.595,0.0,0.0,0.0,0.0,0.0,745.14285,0.0,0.0,3069.7378499999995
3922,2652.72,0.0,0.0,0.0,0.0,0.0,426.8616,0.0,0.0,3079.5816
3923,2422.665,0.0,0.0,0.0,0.0,0.0,650.01495,0.0,0.0,3072.6799499999997
3924,2912.295,0.0,0.0,0.0,0.0,0.0,175.073850000001,0.0,0.0,3087.368850000001
3925,3092.78350515464,0.0,0.0,75.6664948453604,0.0,0.0,0.0,0.0,0.0,3092.78350515464
3926,3092.78350515464,0.0,0.0,1830.99649484536,0.0,0.0,0.0,0.0,0.0,3092.78350515464
3927,3092.78350515464,0.0,0.0,2191.13149484536,0.0,0.0,0.0,0.0,0.0,3092.78350515464
3928,3092.78350515464,0.0,0.0,250.52149484536,0.0,0.0,0.0,0.0,0.0,3092.78350515464
3929,1112.5515,0.0,0.0,0.0,0.0,0.0,1920.825045,0.0,0.0,3033.376545
3930,517.3755,0.0,0.0,0.0,0.0,0.0,2498.145765,0.0,0.0,3015.5212650000003
3931,0.0,0.0,0.0,0.0,0.0,0.0,3000.0,0.0,0.0,3000.0
3932,0.0,0.0,0.0,0.0,0.0,0.0,3000.0,0.0,0.0,3000.0
3933,0.0,0.0,0.0,0.0,0.0,0.0,3000.0,0.0,0.0,3000.0
3934,0.0,0.0,0.0,0.0,0.0,0.0,3000.0,0.0,0.0,3000.0
3935,0.0,0.0,0.0,0.0,0.0,0.0,0.0,0.0,0.0,0.0
3936,0.0,0.0,0.0,0.0,0.0,0.0,0.0,0.0,0.0,0.0
3937,0.0,0.0,0.0,0.0,0.0,0.0,0.0,0.0,0.0,0.0
3938,0.0,0.0,0.0,0.0,0.0,0.0,0.0,0.0,0.0,0.0
3939,0.0,0.0,0.0,0.0,0.0,0.0,0.0,0.0,0.0,0.0
3940,0.0,0.0,0.0,115.54665,0.0,0.0,0.0,0.0,0.0,0.0
3941,453.6345,0.0,0.0,0.0,0.0,0.0,309.974535,0.0,0.0,763.609035
3942,2580.57,0.0,0.0,0.0,0.0,0.0,496.8471,0.0,0.0,3077.4171
3943,3092.78350515464,0.0,0.0,496.52149484536,0.0,0.0,0.0,0.0,0.0,3092.78350515464
3944,3092.78350515464,0.0,0.0,684.81649484536,0.0,0.0,0.0,0.0,0.0,3092.78350515464
3945,3092.78350515464,0.0,0.0,195.39649484536,0.0,0.0,0.0,0.0,0.0,3092.78350515464
3946,3092.78350515464,0.0,0.0,504.801494845361,0.0,0.0,0.0,0.0,0.0,3092.78350515464
3947,3092.78350515464,0.0,0.0,1184.58649484536,0.0,0.0,0.0,0.0,0.0,3092.78350515464
3948,3092.78350515464,0.0,0.0,2554.16149484536,0.0,0.0,0.0,0.0,0.0,3092.78350515464
3949,3092.78350515464,0.0,0.0,2341.53649484536,0.0,0.0,0.0,0.0,0.0,3092.78350515464
3950,3092.78350515464,0.0,0.0,1817.24149484536,0.0,0.0,0.0,0.0,0.0,3092.78350515464
3951,3092.78350515464,0.0,0.0,2305.64149484536,0.0,0.0,0.0,0.0,0.0,3092.78350515464
3952,3092.78350515464,0.0,0.0,392.25649484536,0.0,0.0,0.0,0.0,0.0,3092.78350515464
3953,3092.78350515464,0.0,0.0,411.14149484536,0.0,0.0,0.0,0.0,0.0,3092.78350515464
3954,1588.785,0.0,0.0,0.0,0.0,0.0,1458.87855,0.0,0.0,3047.66355
3955,904.329,0.0,0.0,0.0,0.0,0.0,2122.80087,0.0,0.0,3027.1298699999998
3956,0.0,0.0,0.0,0.0,0.0,0.0,3000.0,0.0,0.0,3000.0
3957,0.0,0.0,0.0,0.0,0.0,0.0,3000.0,0.0,0.0,3000.0
3958,0.0,0.0,0.0,0.0,0.0,0.0,3000.0,0.0,0.0,3000.0
3959,0.0,0.0,0.0,0.0,0.0,0.0,0.0,0.0,0.0,0.0
3960,0.0,0.0,0.0,0.0,0.0,0.0,0.0,0.0,0.0,0.0
3961,0.0,0.0,0.0,0.0,0.0,0.0,0.0,0.0,0.0,0.0
3962,0.0,0.0,0.0,0.0,0.0,0.0,0.0,0.0,0.0,0.0
3963,0.0,0.0,0.0,1349.2575,0.0,0.0,0.0,0.0,0.0,0.0
3964,0.0,0.0,2038.21979381443,3711.34020618557,0.0,0.0,0.0,0.0,0.0,0.0
3965,773.19587628866,0.0,4082.92391752577,3711.34020618557,0.0,0.0,0.0,0.0,0.0,773.19587628866
3966,3092.78350515464,0.0,4163.39628865979,3711.34020618557,0.0,0.0,0.0,0.0,0.0,3092.78350515464
3967,3092.78350515464,0.0,5495.54628865979,3711.34020618557,0.0,0.0,0.0,0.0,0.0,3092.78350515464
3968,0.0,0.0,0.0,0.0,0.0,0.0,3000.0,0.0,0.0,3000.0
3969,3092.78350515464,0.0,5609.2912886598,3711.34020618557,0.0,0.0,0.0,0.0,0.0,3092.78350515464
3970,0.0,0.0,0.0,0.0,0.0,0.0,3000.0,0.0,0.0,3000.0
3971,3092.78350515464,0.0,3787.94628865979,3711.34020618557,0.0,0.0,0.0,0.0,0.0,3092.78350515464
3972,3092.78350515464,0.0,3237.22128865979,3711.34020618557,0.0,0.0,0.0,0.0,0.0,3092.78350515464
3973,3092.78350515464,0.0,3084.55128865979,3711.34020618557,0.0,0.0,0.0,0.0,0.0,3092.78350515464
3974,3092.78350515464,0.0,0.0,2819.33149484536,0.0,0.0,0.0,0.0,0.0,3092.78350515464
3975,3092.78350515464,0.0,1554.44628865979,3711.34020618557,0.0,0.0,0.0,0.0,0.0,3092.78350515464
3976,3092.78350515464,0.0,0.0,2296.22149484536,0.0,0.0,0.0,0.0,0.0,3092.78350515464
3977,3092.78350515464,0.0,0.0,1696.10149484536,0.0,0.0,0.0,0.0,0.0,3092.78350515464
3978,3092.78350515464,0.0,0.0,1588.91149484536,0.0,0.0,0.0,0.0,0.0,3092.78350515464
3979,10.77183,0.0,0.0,0.0,0.0,0.0,2989.5513249,0.0,0.0,3000.3231549
3980,0.0,0.0,0.0,0.0,0.0,0.0,3000.0,0.0,0.0,3000.0
3981,0.0,0.0,0.0,0.0,0.0,0.0,3000.0,0.0,0.0,3000.0
3982,0.0,0.0,0.0,0.0,0.0,0.0,3000.0,0.0,0.0,3000.0
3983,0.0,0.0,0.0,0.0,0.0,0.0,0.0,0.0,0.0,0.0
3984,0.0,0.0,0.0,0.0,0.0,0.0,0.0,0.0,0.0,0.0
3985,0.0,0.0,0.0,0.0,0.0,0.0,0.0,0.0,0.0,0.0
3986,0.0,0.0,0.0,0.0,0.0,0.0,0.0,0.0,0.0,0.0
3987,0.0,0.0,0.0,0.0,0.0,0.0,0.0,0.0,0.0,0.0
3988,0.0,0.0,0.0,3273.93,0.0,0.0,0.0,0.0,0.0,0.0
3989,773.19587628866,0.0,4090.10891752577,3711.34020618557,0.0,0.0,0.0,0.0,0.0,773.19587628866
3990,3092.78350515464,0.0,4186.33128865979,3711.34020618557,0.0,0.0,0.0,0.0,0.0,3092.78350515464
3991,3092.78350515464,0.0,5246.02128865979,3711.34020618557,0.0,0.0,0.0,0.0,0.0,3092.78350515464
3992,3092.78350515464,0.0,5257.94628865979,3711.34020618557,0.0,0.0,0.0,0.0,0.0,3092.78350515464
3993,3092.78350515464,0.0,4942.45128865979,3711.34020618557,0.0,0.0,0.0,0.0,0.0,3092.78350515464
3994,3092.78350515464,0.0,3825.62628865979,3711.34020618557,0.0,0.0,0.0,0.0,0.0,3092.78350515464
3995,3092.78350515464,0.0,1285.84128865979,3711.34020618557,0.0,0.0,0.0,0.0,0.0,3092.78350515464
3996,3092.78350515464,0.0,210.671288659793,3711.34020618557,0.0,0.0,0.0,0.0,0.0,3092.78350515464
3997,3092.78350515464,0.0,0.0,2433.45649484536,0.0,0.0,0.0,0.0,0.0,3092.78350515464
3998,3092.78350515464,0.0,0.0,3529.40149484536,0.0,0.0,0.0,0.0,0.0,3092.78350515464
3999,3092.78350515464,0.0,3371.80128865979,3711.34020618557,0.0,0.0,0.0,0.0,0.0,3092.78350515464
4000,3092.78350515464,0.0,2879.92128865979,3711.34020618557,0.0,0.0,0.0,0.0,0.0,3092.78350515464
4001,3092.78350515464,0.0,982.871288659793,3711.34020618557,0.0,0.0,0.0,0.0,0.0,3092.78350515464
4002,3092.78350515464,0.0,0.0,3054.48649484536,0.0,0.0,0.0,0.0,0.0,3092.78350515464
4003,1391.586,0.0,0.0,0.0,0.0,0.0,1650.16158,0.0,0.0,3041.74758
4004,0.0,0.0,0.0,0.0,0.0,0.0,3000.0,0.0,0.0,3000.0
4005,0.0,0.0,0.0,0.0,0.0,0.0,3000.0,0.0,0.0,3000.0
4006,0.0,0.0,0.0,0.0,0.0,0.0,3000.0,0.0,0.0,3000.0
4007,0.0,0.0,0.0,0.0,0.0,0.0,0.0,0.0,0.0,0.0
4008,0.0,0.0,0.0,0.0,0.0,0.0,0.0,0.0,0.0,0.0
4009,0.0,0.0,0.0,0.0,0.0,0.0,0.0,0.0,0.0,0.0
4010,0.0,0.0,0.0,0.0,0.0,0.0,0.0,0.0,0.0,0.0
4011,0.0,0.0,0.0,0.0,0.0,0.0,0.0,0.0,0.0,0.0
4012,0.0,0.0,0.0,113.4909,0.0,0.0,0.0,0.0,0.0,0.0
4013,773.19587628866,0.0,-1.13686837721616e-13,3383.84412371134,0.0,0.0,0.0,0.0,0.0,773.19587628866
4014,1933.5,0.0,0.0,0.0,0.0,0.0,1124.505,0.0,0.0,3058.005
4015,3092.78350515464,0.0,935.546288659793,3711.34020618557,0.0,0.0,0.0,0.0,0.0,3092.78350515464
4016,3092.78350515464,0.0,0.0,3661.34149484536,0.0,0.0,0.0,0.0,0.0,3092.78350515464
4017,2124.24,0.0,0.0,0.0,0.0,0.0,939.4872,0.0,0.0,3063.7272
4018,1911.795,0.0,0.0,0.0,0.0,0.0,1145.55885,0.0,0.0,3057.35385
4019,1889.7,0.0,0.0,0.0,0.0,0.0,1166.991,0.0,0.0,3056.691
4020,1188.6285,0.0,0.0,0.0,0.0,0.0,1847.030355,0.0,0.0,3035.658855
4021,920.6235,0.0,0.0,0.0,0.0,0.0,2106.995205,0.0,0.0,3027.6187050000003
4022,2283.555,0.0,0.0,0.0,0.0,0.0,784.95165,0.0,0.0,3068.50665
4023,1627.32,0.0,0.0,0.0,0.0,0.0,1421.4996,0.0,0.0,3048.8196
4024,3092.78350515464,0.0,0.0,1082.82649484536,0.0,0.0,0.0,0.0,0.0,3092.78350515464
4025,3040.71,0.0,0.0,0.0,0.0,0.0,50.5113000000001,0.0,0.0,3091.2213
4026,3092.78350515464,0.0,0.0,3441.06649484536,0.0,0.0,0.0,0.0,0.0,3092.78350515464
4027,2821.77,0.0,0.0,0.0,0.0,0.0,262.8831,0.0,0.0,3084.6531
4028,0.0,0.0,0.0,0.0,0.0,0.0,3000.0,0.0,0.0,3000.0
4029,0.0,0.0,0.0,0.0,0.0,0.0,3000.0,0.0,0.0,3000.0
4030,0.0,0.0,0.0,0.0,0.0,0.0,3000.0,0.0,0.0,3000.0
4031,0.0,0.0,0.0,0.0,0.0,0.0,0.0,0.0,0.0,0.0
4032,0.0,0.0,0.0,0.0,0.0,0.0,0.0,0.0,0.0,0.0
4033,0.0,0.0,0.0,0.0,0.0,0.0,0.0,0.0,0.0,0.0
4034,0.0,0.0,0.0,0.0,0.0,0.0,0.0,0.0,0.0,0.0
4035,0.0,0.0,0.0,0.0,0.0,0.0,0.0,0.0,0.0,0.0
4036,0.0,0.0,0.0,1230.4935,0.0,0.0,0.0,0.0,0.0,0.0
4037,773.19587628866,0.0,-1.13686837721616e-13,2032.98912371134,0.0,0.0,0.0,0.0,0.0,773.19587628866
4038,3092.78350515464,0.0,0.0,1588.13149484536,0.0,0.0,0.0,0.0,0.0,3092.78350515464
4039,3092.78350515464,0.0,783.701288659793,3711.34020618557,0.0,0.0,0.0,0.0,0.0,3092.78350515464
4040,3092.78350515464,0.0,2937.38628865979,3711.34020618557,0.0,0.0,0.0,0.0,0.0,3092.78350515464
4041,3092.78350515464,0.0,2420.77128865979,3711.34020618557,0.0,0.0,0.0,0.0,0.0,3092.78350515464
4042,3092.78350515464,0.0,2213.39628865979,3711.34020618557,0.0,0.0,0.0,0.0,0.0,3092.78350515464
4043,3092.78350515464,0.0,3475.73628865979,3711.34020618557,0.0,0.0,0.0,0.0,0.0,3092.78350515464
4044,3092.78350515464,0.0,2936.21628865979,3711.34020618557,0.0,0.0,0.0,0.0,0.0,3092.78350515464
4045,3092.78350515464,0.0,1889.71128865979,3711.34020618557,0.0,0.0,0.0,0.0,0.0,3092.78350515464
4046,3092.78350515464,0.0,3748.84128865979,3711.34020618557,0.0,0.0,0.0,0.0,0.0,3092.78350515464
4047,3092.78350515464,0.0,2902.78128865979,3711.34020618557,0.0,0.0,0.0,0.0,0.0,3092.78350515464
4048,3092.78350515464,0.0,3471.22128865979,3711.34020618557,0.0,0.0,0.0,0.0,0.0,3092.78350515464
4049,2321.445,0.0,0.0,0.0,0.0,0.0,748.19835,0.0,0.0,3069.6433500000003
4050,3092.78350515464,0.0,0.0,1002.78649484536,0.0,0.0,0.0,0.0,0.0,3092.78350515464
4051,49.8132,0.0,0.0,0.0,0.0,0.0,2951.681196,0.0,0.0,3001.494396
4052,0.0,0.0,0.0,0.0,0.0,0.0,3000.0,0.0,0.0,3000.0
4053,0.0,0.0,0.0,0.0,0.0,0.0,3000.0,0.0,0.0,3000.0
4054,0.0,0.0,0.0,0.0,0.0,0.0,3000.0,0.0,0.0,3000.0
4055,0.0,0.0,0.0,0.0,0.0,0.0,0.0,0.0,0.0,0.0
4056,0.0,0.0,0.0,0.0,0.0,0.0,0.0,0.0,0.0,0.0
4057,0.0,0.0,0.0,0.0,0.0,0.0,0.0,0.0,0.0,0.0
4058,0.0,0.0,0.0,0.0,0.0,0.0,0.0,0.0,0.0,0.0
4059,0.0,0.0,0.0,1581.9,0.0,0.0,0.0,0.0,0.0,0.0
4060,0.0,0.0,1392.45479381443,3711.34020618557,0.0,0.0,0.0,0.0,0.0,0.0
4061,773.19587628866,0.0,-1.13686837721616e-13,2980.13412371134,0.0,0.0,0.0,0.0,0.0,773.19587628866
4062,3092.78350515464,0.0,0.0,1402.05649484536,0.0,0.0,0.0,0.0,0.0,3092.78350515464
4063,3092.78350515464,0.0,0.0,2809.91149484536,0.0,0.0,0.0,0.0,0.0,3092.78350515464
4064,2429.01,0.0,0.0,0.0,0.0,0.0,643.8603,0.0,0.0,3072.8703000000005
4065,2644.2,0.0,0.0,0.0,0.0,0.0,435.126,0.0,0.0,3079.326
4066,3092.78350515464,0.0,0.0,2961.45649484536,0.0,0.0,0.0,0.0,0.0,3092.78350515464
4067,2701.785,0.0,0.0,0.0,0.0,0.0,379.26855,0.0,0.0,3081.0535499999996
4068,1647.87,0.0,0.0,0.0,0.0,0.0,1401.5661,0.0,0.0,3049.4361
4069,3092.78350515464,0.0,0.0,368.10649484536,0.0,0.0,0.0,0.0,0.0,3092.78350515464
4070,3092.78350515464,0.0,750.236288659793,3711.34020618557,0.0,0.0,0.0,0.0,0.0,3092.78350515464
4071,3092.78350515464,0.0,2201.62128865979,3711.34020618557,0.0,0.0,0.0,0.0,0.0,3092.78350515464
4072,3092.78350515464,0.0,818.441288659793,3711.34020618557,0.0,0.0,0.0,0.0,0.0,3092.78350515464
4073,3092.78350515464,0.0,1074.37128865979,3711.34020618557,0.0,0.0,0.0,0.0,0.0,3092.78350515464
4074,1743.72,0.0,0.0,0.0,0.0,0.0,1308.5916,0.0,0.0,3052.3116
4075,1932.36,0.0,0.0,0.0,0.0,0.0,1125.6108,0.0,0.0,3057.9708
4076,0.0,0.0,0.0,0.0,0.0,0.0,3000.0,0.0,0.0,3000.0
4077,0.0,0.0,0.0,0.0,0.0,0.0,3000.0,0.0,0.0,3000.0
4078,0.0,0.0,0.0,0.0,0.0,0.0,3000.0,0.0,0.0,3000.0
4079,0.0,0.0,0.0,0.0,0.0,0.0,0.0,0.0,0.0,0.0
4080,0.0,0.0,0.0,0.0,0.0,0.0,0.0,0.0,0.0,0.0
4081,0.0,0.0,0.0,0.0,0.0,0.0,0.0,0.0,0.0,0.0
4082,0.0,0.0,0.0,0.0,0.0,0.0,0.0,0.0,0.0,0.0
4083,0.0,0.0,0.0,1566.615,0.0,0.0,0.0,0.0,0.0,0.0
4084,0.0,0.0,1623.69479381443,3711.34020618557,0.0,0.0,0.0,0.0,0.0,0.0
4085,773.19587628866,0.0,4051.37891752577,3711.34020618557,0.0,0.0,0.0,0.0,0.0,773.19587628866
4086,3092.78350515464,0.0,3555.74628865979,3711.34020618557,0.0,0.0,0.0,0.0,0.0,3092.78350515464
4087,3092.78350515464,0.0,1667.39628865979,3711.34020618557,0.0,0.0,0.0,0.0,0.0,3092.78350515464
4088,3092.78350515464,0.0,1289.78628865979,3711.34020618557,0.0,0.0,0.0,0.0,0.0,3092.78350515464
4089,3092.78350515464,0.0,0.0,3340.01149484536,0.0,0.0,0.0,0.0,0.0,3092.78350515464
4090,3092.78350515464,0.0,1811.12628865979,3711.34020618557,0.0,0.0,0.0,0.0,0.0,3092.78350515464
4091,3092.78350515464,0.0,3471.34128865979,3711.34020618557,0.0,0.0,0.0,0.0,0.0,3092.78350515464
4092,3092.78350515464,0.0,2881.55628865979,3711.34020618557,0.0,0.0,0.0,0.0,0.0,3092.78350515464
4093,3092.78350515464,0.0,3634.21128865979,3711.34020618557,0.0,0.0,0.0,0.0,0.0,3092.78350515464
4094,3092.78350515464,0.0,4111.00128865979,3711.34020618557,0.0,0.0,0.0,0.0,0.0,3092.78350515464
4095,3092.78350515464,0.0,4107.46128865979,3711.34020618557,0.0,0.0,0.0,0.0,0.0,3092.78350515464
4096,3092.78350515464,0.0,3844.84128865979,3711.34020618557,0.0,0.0,0.0,0.0,0.0,3092.78350515464
4097,3092.78350515464,0.0,2339.75628865979,3711.34020618557,0.0,0.0,0.0,0.0,0.0,3092.78350515464
4098,3092.78350515464,0.0,82.4662886597926,3711.34020618557,0.0,0.0,0.0,0.0,0.0,3092.78350515464
4099,3092.78350515464,0.0,0.0,230.571494845361,0.0,0.0,0.0,0.0,0.0,3092.78350515464
4100,0.0,0.0,0.0,0.0,0.0,0.0,3000.0,0.0,0.0,3000.0
4101,0.0,0.0,0.0,0.0,0.0,0.0,3000.0,0.0,0.0,3000.0
4102,0.0,0.0,0.0,0.0,0.0,0.0,3000.0,0.0,0.0,3000.0
4103,0.0,0.0,0.0,0.0,0.0,0.0,0.0,0.0,0.0,0.0
4104,0.0,0.0,0.0,0.0,0.0,0.0,0.0,0.0,0.0,0.0
4105,0.0,0.0,0.0,0.0,0.0,0.0,0.0,0.0,0.0,0.0
4106,0.0,0.0,0.0,0.0,0.0,0.0,0.0,0.0,0.0,0.0
4107,0.0,0.0,0.0,0.0,0.0,0.0,0.0,0.0,0.0,0.0
4108,0.0,0.0,1346.74979381443,3711.34020618557,0.0,0.0,0.0,0.0,0.0,0.0
4109,773.19587628866,0.0,2250.55391752577,3711.34020618557,0.0,0.0,0.0,0.0,0.0,773.19587628866
4110,3092.78350515464,0.0,3461.32128865979,3711.34020618557,0.0,0.0,0.0,0.0,0.0,3092.78350515464
4111,3092.78350515464,0.0,5060.90628865979,3711.34020618557,0.0,0.0,0.0,0.0,0.0,3092.78350515464
4112,3092.78350515464,0.0,5546.65128865979,3711.34020618557,0.0,0.0,0.0,0.0,0.0,3092.78350515464
4113,3092.78350515464,0.0,5284.30128865979,3711.34020618557,0.0,0.0,0.0,0.0,0.0,3092.78350515464
4114,3092.78350515464,0.0,4600.36128865979,3711.34020618557,0.0,0.0,0.0,0.0,0.0,3092.78350515464
4115,3092.78350515464,0.0,3813.94128865979,3711.34020618557,0.0,0.0,0.0,0.0,0.0,3092.78350515464
4116,3092.78350515464,0.0,3416.44128865979,3711.34020618557,0.0,0.0,0.0,0.0,0.0,3092.78350515464
4117,3092.78350515464,0.0,3537.76128865979,3711.34020618557,0.0,0.0,0.0,0.0,0.0,3092.78350515464
4118,3092.78350515464,0.0,4163.02128865979,3711.34020618557,0.0,0.0,0.0,0.0,0.0,3092.78350515464
4119,3092.78350515464,0.0,4417.73628865979,3711.34020618557,0.0,0.0,0.0,0.0,0.0,3092.78350515464
4120,3092.78350515464,0.0,3829.42128865979,3711.34020618557,0.0,0.0,0.0,0.0,0.0,3092.78350515464
4121,3092.78350515464,0.0,2064.74628865979,3711.34020618557,0.0,0.0,0.0,0.0,0.0,3092.78350515464
4122,3092.78350515464,0.0,0.0,3553.10149484536,0.0,0.0,0.0,0.0,0.0,3092.78350515464
4123,2623.425,0.0,0.0,0.0,0.0,0.0,455.27775,0.0,0.0,3078.7027500000004
4124,0.0,0.0,0.0,0.0,0.0,0.0,3000.0,0.0,0.0,3000.0
4125,0.0,0.0,0.0,0.0,0.0,0.0,3000.0,0.0,0.0,3000.0
4126,0.0,0.0,0.0,0.0,0.0,0.0,3000.0,0.0,0.0,3000.0
4127,0.0,0.0,0.0,0.0,0.0,0.0,0.0,0.0,0.0,0.0
4128,0.0,0.0,0.0,0.0,0.0,0.0,0.0,0.0,0.0,0.0
4129,0.0,0.0,0.0,0.0,0.0,0.0,0.0,0.0,0.0,0.0
4130,0.0,0.0,0.0,0.0,0.0,0.0,0.0,0.0,0.0,0.0
4131,0.0,0.0,0.0,0.0,0.0,0.0,0.0,0.0,0.0,0.0
4132,0.0,0.0,0.0,142.0683,0.0,0.0,0.0,0.0,0.0,0.0
4133,773.19587628866,0.0,91.1539175257725,3711.34020618557,0.0,0.0,0.0,0.0,0.0,773.19587628866
4134,3092.78350515464,0.0,3435.19128865979,3711.34020618557,0.0,0.0,0.0,0.0,0.0,3092.78350515464
4135,3092.78350515464,0.0,4774.96128865979,3711.34020618557,0.0,0.0,0.0,0.0,0.0,3092.78350515464
4136,3092.78350515464,0.0,5122.84128865979,3711.34020618557,0.0,0.0,0.0,0.0,0.0,3092.78350515464
4137,3092.78350515464,0.0,4908.0412886598,3711.34020618557,0.0,0.0,0.0,0.0,0.0,3092.78350515464
4138,3092.78350515464,0.0,4182.85128865979,3711.34020618557,0.0,0.0,0.0,0.0,0.0,3092.78350515464
4139,3092.78350515464,0.0,3574.99128865979,3711.34020618557,0.0,0.0,0.0,0.0,0.0,3092.78350515464
4140,3092.78350515464,0.0,3293.24628865979,3711.34020618557,0.0,0.0,0.0,0.0,0.0,3092.78350515464
4141,3092.78350515464,0.0,3708.79128865979,3711.34020618557,0.0,0.0,0.0,0.0,0.0,3092.78350515464
4142,3092.78350515464,0.0,4061.21628865979,3711.34020618557,0.0,0.0,0.0,0.0,0.0,3092.78350515464
4143,3092.78350515464,0.0,4232.35128865979,3711.34020618557,0.0,0.0,0.0,0.0,0.0,3092.78350515464
4144,3092.78350515464,0.0,3466.19628865979,3711.34020618557,0.0,0.0,0.0,0.0,0.0,3092.78350515464
4145,3092.78350515464,0.0,1602.04128865979,3711.34020618557,0.0,0.0,0.0,0.0,0.0,3092.78350515464
4146,3092.78350515464,0.0,0.0,2936.30149484536,0.0,0.0,0.0,0.0,0.0,3092.78350515464
4147,2857.68,0.0,0.0,0.0,0.0,0.0,228.0504,0.0,0.0,3085.7304
4148,0.0,0.0,0.0,0.0,0.0,0.0,3000.0,0.0,0.0,3000.0
4149,0.0,0.0,0.0,0.0,0.0,0.0,3000.0,0.0,0.0,3000.0
4150,0.0,0.0,0.0,0.0,0.0,0.0,3000.0,0.0,0.0,3000.0
4151,0.0,0.0,0.0,0.0,0.0,0.0,0.0,0.0,0.0,0.0
4152,0.0,0.0,0.0,0.0,0.0,0.0,0.0,0.0,0.0,0.0
4153,0.0,0.0,0.0,0.0,0.0,0.0,0.0,0.0,0.0,0.0
4154,0.0,0.0,0.0,0.0,0.0,0.0,0.0,0.0,0.0,0.0
4155,0.0,0.0,0.0,1735.95,0.0,0.0,0.0,0.0,0.0,0.0
4156,0.0,0.0,1737.81479381443,3711.34020618557,0.0,0.0,0.0,0.0,0.0,0.0
4157,773.19587628866,0.0,4024.19891752577,3711.34020618557,0.0,0.0,0.0,0.0,0.0,773.19587628866
4158,3092.78350515464,0.0,3802.82628865979,3711.34020618557,0.0,0.0,0.0,0.0,0.0,3092.78350515464
4159,3092.78350515464,0.0,4500.88128865979,3711.34020618557,0.0,0.0,0.0,0.0,0.0,3092.78350515464
4160,3092.78350515464,0.0,5404.07628865979,3711.34020618557,0.0,0.0,0.0,0.0,0.0,3092.78350515464
4161,3092.78350515464,0.0,5103.70128865979,3711.34020618557,0.0,0.0,0.0,0.0,0.0,3092.78350515464
4162,3092.78350515464,0.0,4372.07628865979,3711.34020618557,0.0,0.0,0.0,0.0,0.0,3092.78350515464
4163,3092.78350515464,0.0,3630.41628865979,3711.34020618557,0.0,0.0,0.0,0.0,0.0,3092.78350515464
4164,3092.78350515464,0.0,3295.85628865979,3711.34020618557,0.0,0.0,0.0,0.0,0.0,3092.78350515464
4165,3092.78350515464,0.0,3735.2662886598,3711.34020618557,0.0,0.0,0.0,0.0,0.0,3092.78350515464
4166,3092.78350515464,0.0,589.901288659793,3711.34020618557,0.0,0.0,0.0,0.0,0.0,3092.78350515464
4167,3092.78350515464,0.0,4417.36128865979,3711.34020618557,0.0,0.0,0.0,0.0,0.0,3092.78350515464
4168,3092.78350515464,0.0,3521.8912886598,3711.34020618557,0.0,0.0,0.0,0.0,0.0,3092.78350515464
4169,3092.78350515464,0.0,2076.91128865979,3711.34020618557,0.0,0.0,0.0,0.0,0.0,3092.78350515464
4170,3092.78350515464,0.0,0.0,3563.31649484536,0.0,0.0,0.0,0.0,0.0,3092.78350515464
4171,3082.56,0.0,0.0,0.0,0.0,0.0,9.91679999999997,0.0,0.0,3092.4768
4172,0.0,0.0,0.0,0.0,0.0,0.0,3000.0,0.0,0.0,3000.0
4173,0.0,0.0,0.0,0.0,0.0,0.0,3000.0,0.0,0.0,3000.0
4174,0.0,0.0,0.0,0.0,0.0,0.0,3000.0,0.0,0.0,3000.0
4175,0.0,0.0,0.0,0.0,0.0,0.0,0.0,0.0,0.0,0.0
4176,0.0,0.0,0.0,0.0,0.0,0.0,0.0,0.0,0.0,0.0
4177,0.0,0.0,0.0,0.0,0.0,0.0,0.0,0.0,0.0,0.0
4178,0.0,0.0,0.0,0.0,0.0,0.0,0.0,0.0,0.0,0.0
4179,0.0,0.0,0.0,1853.4,0.0,0.0,0.0,0.0,0.0,0.0
4180,0.0,0.0,1576.29479381443,3711.34020618557,0.0,0.0,0.0,0.0,0.0,0.0
4181,773.19587628866,0.0,4121.32391752577,3711.34020618557,0.0,0.0,0.0,0.0,0.0,773.19587628866
4182,3092.78350515464,0.0,3899.69628865979,3711.34020618557,0.0,0.0,0.0,0.0,0.0,3092.78350515464
4183,3092.78350515464,0.0,5082.80628865979,3711.34020618557,0.0,0.0,0.0,0.0,0.0,3092.78350515464
4184,3092.78350515464,0.0,5611.24128865979,3711.34020618557,0.0,0.0,0.0,0.0,0.0,3092.78350515464
4185,3092.78350515464,0.0,5284.66128865979,3711.34020618557,0.0,0.0,0.0,0.0,0.0,3092.78350515464
4186,3092.78350515464,0.0,4570.00128865979,3711.34020618557,0.0,0.0,0.0,0.0,0.0,3092.78350515464
4187,3092.78350515464,0.0,3788.93628865979,3711.34020618557,0.0,0.0,0.0,0.0,0.0,3092.78350515464
4188,3092.78350515464,0.0,3430.82628865979,3711.34020618557,0.0,0.0,0.0,0.0,0.0,3092.78350515464
4189,3092.78350515464,0.0,3715.90128865979,3711.34020618557,0.0,0.0,0.0,0.0,0.0,3092.78350515464
4190,3092.78350515464,0.0,4057.24128865979,3711.34020618557,0.0,0.0,0.0,0.0,0.0,3092.78350515464
4191,3092.78350515464,0.0,4393.34628865979,3711.34020618557,0.0,0.0,0.0,0.0,0.0,3092.78350515464
4192,3092.78350515464,0.0,3804.28128865979,3711.34020618557,0.0,0.0,0.0,0.0,0.0,3092.78350515464
4193,3092.78350515464,0.0,1924.40628865979,3711.34020618557,0.0,0.0,0.0,0.0,0.0,3092.78350515464
4194,3092.78350515464,0.0,0.0,3335.91649484536,0.0,0.0,0.0,0.0,0.0,3092.78350515464
4195,2618.505,0.0,0.0,0.0,0.0,0.0,460.05015,0.0,0.0,3078.55515
4196,0.0,0.0,0.0,0.0,0.0,0.0,3000.0,0.0,0.0,3000.0
4197,0.0,0.0,0.0,0.0,0.0,0.0,3000.0,0.0,0.0,3000.0
4198,0.0,0.0,0.0,0.0,0.0,0.0,3000.0,0.0,0.0,3000.0
4199,0.0,0.0,0.0,0.0,0.0,0.0,0.0,0.0,0.0,0.0
4200,0.0,0.0,0.0,0.0,0.0,0.0,0.0,0.0,0.0,0.0
4201,0.0,0.0,0.0,0.0,0.0,0.0,0.0,0.0,0.0,0.0
4202,0.0,0.0,0.0,0.0,0.0,0.0,0.0,0.0,0.0,0.0
4203,0.0,0.0,0.0,1118.4285,0.0,0.0,0.0,0.0,0.0,0.0
4204,0.0,0.0,1626.18479381443,3711.34020618557,0.0,0.0,0.0,0.0,0.0,0.0
4205,773.19587628866,0.0,3946.93391752577,3711.34020618557,0.0,0.0,0.0,0.0,0.0,773.19587628866
4206,3092.78350515464,0.0,3889.40628865979,3711.34020618557,0.0,0.0,0.0,0.0,0.0,3092.78350515464
4207,3092.78350515464,0.0,5286.3712886598,3711.34020618557,0.0,0.0,0.0,0.0,0.0,3092.78350515464
4208,3092.78350515464,0.0,5611.24128865979,3711.34020618557,0.0,0.0,0.0,0.0,0.0,3092.78350515464
4209,3092.78350515464,0.0,5502.47628865979,3711.34020618557,0.0,0.0,0.0,0.0,0.0,3092.78350515464
4210,3092.78350515464,0.0,4676.2912886598,3711.34020618557,0.0,0.0,0.0,0.0,0.0,3092.78350515464
4211,3092.78350515464,0.0,3878.39628865979,3711.34020618557,0.0,0.0,0.0,0.0,0.0,3092.78350515464
4212,3092.78350515464,0.0,3495.49128865979,3711.34020618557,0.0,0.0,0.0,0.0,0.0,3092.78350515464
4213,3092.78350515464,0.0,3859.64628865979,3711.34020618557,0.0,0.0,0.0,0.0,0.0,3092.78350515464
4214,3092.78350515464,0.0,4199.38128865979,3711.34020618557,0.0,0.0,0.0,0.0,0.0,3092.78350515464
4215,3092.78350515464,0.0,4330.70628865979,3711.34020618557,0.0,0.0,0.0,0.0,0.0,3092.78350515464
4216,3092.78350515464,0.0,3798.59628865979,3711.34020618557,0.0,0.0,0.0,0.0,0.0,3092.78350515464
4217,3092.78350515464,0.0,1905.14628865979,3711.34020618557,0.0,0.0,0.0,0.0,0.0,3092.78350515464
4218,3092.78350515464,0.0,0.0,3322.61149484536,0.0,0.0,0.0,0.0,0.0,3092.78350515464
4219,2613.21,0.0,0.0,0.0,0.0,0.0,465.1863,0.0,0.0,3078.3963
4220,0.0,0.0,0.0,0.0,0.0,0.0,3000.0,0.0,0.0,3000.0
4221,0.0,0.0,0.0,0.0,0.0,0.0,3000.0,0.0,0.0,3000.0
4222,0.0,0.0,0.0,0.0,0.0,0.0,3000.0,0.0,0.0,3000.0
4223,0.0,0.0,0.0,0.0,0.0,0.0,0.0,0.0,0.0,0.0
4224,0.0,0.0,0.0,0.0,0.0,0.0,0.0,0.0,0.0,0.0
4225,0.0,0.0,0.0,0.0,0.0,0.0,0.0,0.0,0.0,0.0
4226,0.0,0.0,0.0,0.0,0.0,0.0,0.0,0.0,0.0,0.0
4227,0.0,0.0,0.0,944.271,0.0,0.0,0.0,0.0,0.0,0.0
4228,0.0,0.0,1334.97479381443,3711.34020618557,0.0,0.0,0.0,0.0,0.0,0.0
4229,773.19587628866,0.0,3628.84391752577,3711.34020618557,0.0,0.0,0.0,0.0,0.0,773.19587628866
4230,3092.78350515464,0.0,3426.97128865979,3711.34020618557,0.0,0.0,0.0,0.0,0.0,3092.78350515464
4231,3092.78350515464,0.0,2316.35628865979,3711.34020618557,0.0,0.0,0.0,0.0,0.0,3092.78350515464
4232,3092.78350515464,0.0,5331.28128865979,3711.34020618557,0.0,0.0,0.0,0.0,0.0,3092.78350515464
4233,3092.78350515464,0.0,5087.09628865979,3711.34020618557,0.0,0.0,0.0,0.0,0.0,3092.78350515464
4234,3092.78350515464,0.0,2566.10628865979,3711.34020618557,0.0,0.0,0.0,0.0,0.0,3092.78350515464
4235,3092.78350515464,0.0,1017.70128865979,3711.34020618557,0.0,0.0,0.0,0.0,0.0,3092.78350515464
4236,3092.78350515464,0.0,1865.14128865979,3711.34020618557,0.0,0.0,0.0,0.0,0.0,3092.78350515464
4237,3092.78350515464,0.0,2979.76128865979,3711.34020618557,0.0,0.0,0.0,0.0,0.0,3092.78350515464
4238,3092.78350515464,0.0,3787.91628865979,3711.34020618557,0.0,0.0,0.0,0.0,0.0,3092.78350515464
4239,3092.78350515464,0.0,3998.36628865979,3711.34020618557,0.0,0.0,0.0,0.0,0.0,3092.78350515464
4240,3092.78350515464,0.0,3397.48128865979,3711.34020618557,0.0,0.0,0.0,0.0,0.0,3092.78350515464
4241,3092.78350515464,0.0,1472.83128865979,3711.34020618557,0.0,0.0,0.0,0.0,0.0,3092.78350515464
4242,3092.78350515464,0.0,0.0,3052.28149484536,0.0,0.0,0.0,0.0,0.0,3092.78350515464
4243,2323.26,0.0,0.0,0.0,0.0,0.0,746.4378,0.0,0.0,3069.6978000000004
4244,0.0,0.0,0.0,0.0,0.0,0.0,3000.0,0.0,0.0,3000.0
4245,0.0,0.0,0.0,0.0,0.0,0.0,3000.0,0.0,0.0,3000.0
4246,0.0,0.0,0.0,0.0,0.0,0.0,3000.0,0.0,0.0,3000.0
4247,0.0,0.0,0.0,0.0,0.0,0.0,0.0,0.0,0.0,0.0
4248,0.0,0.0,0.0,0.0,0.0,0.0,0.0,0.0,0.0,0.0
4249,0.0,0.0,0.0,0.0,0.0,0.0,0.0,0.0,0.0,0.0
4250,0.0,0.0,0.0,0.0,0.0,0.0,0.0,0.0,0.0,0.0
4251,0.0,0.0,0.0,967.782,0.0,0.0,0.0,0.0,0.0,0.0
4252,0.0,0.0,1436.31479381443,3711.34020618557,0.0,0.0,0.0,0.0,0.0,0.0
4253,773.19587628866,0.0,3562.85891752577,3711.34020618557,0.0,0.0,0.0,0.0,0.0,773.19587628866
4254,3092.78350515464,0.0,3330.34128865979,3711.34020618557,0.0,0.0,0.0,0.0,0.0,3092.78350515464
4255,3092.78350515464,0.0,4464.6412886598,3711.34020618557,0.0,0.0,0.0,0.0,0.0,3092.78350515464
4256,3092.78350515464,0.0,4930.3912886598,3711.34020618557,0.0,0.0,0.0,0.0,0.0,3092.78350515464
4257,3092.78350515464,0.0,4632.38628865979,3711.34020618557,0.0,0.0,0.0,0.0,0.0,3092.78350515464
4258,3092.78350515464,0.0,3998.8912886598,3711.34020618557,0.0,0.0,0.0,0.0,0.0,3092.78350515464
4259,3092.78350515464,0.0,3235.06128865979,3711.34020618557,0.0,0.0,0.0,0.0,0.0,3092.78350515464
4260,3092.78350515464,0.0,2828.39628865979,3711.34020618557,0.0,0.0,0.0,0.0,0.0,3092.78350515464
4261,3092.78350515464,0.0,3264.52128865979,3711.34020618557,0.0,0.0,0.0,0.0,0.0,3092.78350515464
4262,3092.78350515464,0.0,3161.80128865979,3711.34020618557,0.0,0.0,0.0,0.0,0.0,3092.78350515464
4263,3092.78350515464,0.0,1703.02128865979,3711.34020618557,0.0,0.0,0.0,0.0,0.0,3092.78350515464
4264,3092.78350515464,0.0,3108.70128865979,3711.34020618557,0.0,0.0,0.0,0.0,0.0,3092.78350515464
4265,3092.78350515464,0.0,415.556288659793,3711.34020618557,0.0,0.0,0.0,0.0,0.0,3092.78350515464
4266,3092.78350515464,0.0,0.0,894.23149484536,0.0,0.0,0.0,0.0,0.0,3092.78350515464
4267,2311.29,0.0,0.0,0.0,0.0,0.0,758.0487,0.0,0.0,3069.3387000000002
4268,0.0,0.0,0.0,0.0,0.0,0.0,3000.0,0.0,0.0,3000.0
4269,0.0,0.0,0.0,0.0,0.0,0.0,3000.0,0.0,0.0,3000.0
4270,0.0,0.0,0.0,0.0,0.0,0.0,3000.0,0.0,0.0,3000.0
4271,0.0,0.0,0.0,0.0,0.0,0.0,0.0,0.0,0.0,0.0
4272,0.0,0.0,0.0,0.0,0.0,0.0,0.0,0.0,0.0,0.0
4273,0.0,0.0,0.0,0.0,0.0,0.0,0.0,0.0,0.0,0.0
4274,0.0,0.0,0.0,0.0,0.0,0.0,0.0,0.0,0.0,0.0
4275,0.0,0.0,0.0,1003.977,0.0,0.0,0.0,0.0,0.0,0.0
4276,0.0,0.0,1591.69979381443,3711.34020618557,0.0,0.0,0.0,0.0,0.0,0.0
4277,773.19587628866,0.0,3486.31391752577,3711.34020618557,0.0,0.0,0.0,0.0,0.0,773.19587628866
4278,3092.78350515464,0.0,3093.46128865979,3711.34020618557,0.0,0.0,0.0,0.0,0.0,3092.78350515464
4279,3092.78350515464,0.0,4449.16128865979,3711.34020618557,0.0,0.0,0.0,0.0,0.0,3092.78350515464
4280,3092.78350515464,0.0,5013.76128865979,3711.34020618557,0.0,0.0,0.0,0.0,0.0,3092.78350515464
4281,3092.78350515464,0.0,3993.59628865979,3711.34020618557,0.0,0.0,0.0,0.0,0.0,3092.78350515464
4282,3092.78350515464,0.0,3804.23628865979,3711.34020618557,0.0,0.0,0.0,0.0,0.0,3092.78350515464
4283,3092.78350515464,0.0,2609.08128865979,3711.34020618557,0.0,0.0,0.0,0.0,0.0,3092.78350515464
4284,3092.78350515464,0.0,1880.56128865979,3711.34020618557,0.0,0.0,0.0,0.0,0.0,3092.78350515464
4285,3092.78350515464,0.0,2859.80628865979,3711.34020618557,0.0,0.0,0.0,0.0,0.0,3092.78350515464
4286,3092.78350515464,0.0,3071.84628865979,3711.34020618557,0.0,0.0,0.0,0.0,0.0,3092.78350515464
4287,3092.78350515464,0.0,3504.11628865979,3711.34020618557,0.0,0.0,0.0,0.0,0.0,3092.78350515464
4288,3092.78350515464,0.0,626.831288659792,3711.34020618557,0.0,0.0,0.0,0.0,0.0,3092.78350515464
4289,3092.78350515464,0.0,730.046288659793,3711.34020618557,0.0,0.0,0.0,0.0,0.0,3092.78350515464
4290,3092.78350515464,0.0,0.0,3354.98149484536,0.0,0.0,0.0,0.0,0.0,3092.78350515464
4291,3092.78350515464,0.0,0.0,177.89149484536,0.0,0.0,0.0,0.0,0.0,3092.78350515464
4292,0.0,0.0,0.0,0.0,0.0,0.0,3000.0,0.0,0.0,3000.0
4293,0.0,0.0,0.0,0.0,0.0,0.0,3000.0,0.0,0.0,3000.0
4294,0.0,0.0,0.0,0.0,0.0,0.0,3000.0,0.0,0.0,3000.0
4295,0.0,0.0,0.0,0.0,0.0,0.0,0.0,0.0,0.0,0.0
4296,0.0,0.0,0.0,0.0,0.0,0.0,0.0,0.0,0.0,0.0
4297,0.0,0.0,0.0,0.0,0.0,0.0,0.0,0.0,0.0,0.0
4298,0.0,0.0,0.0,0.0,0.0,0.0,0.0,0.0,0.0,0.0
4299,0.0,0.0,0.0,92.89245,0.0,0.0,0.0,0.0,0.0,0.0
4300,0.0,0.0,1207.93979381443,3711.34020618557,0.0,0.0,0.0,0.0,0.0,0.0
4301,773.19587628866,0.0,2903.24891752577,3711.34020618557,0.0,0.0,0.0,0.0,0.0,773.19587628866
4302,3092.78350515464,0.0,3003.17628865979,3711.34020618557,0.0,0.0,0.0,0.0,0.0,3092.78350515464
4303,3092.78350515464,0.0,4511.02128865979,3711.34020618557,0.0,0.0,0.0,0.0,0.0,3092.78350515464
4304,3092.78350515464,0.0,5163.86628865979,3711.34020618557,0.0,0.0,0.0,0.0,0.0,3092.78350515464
4305,3092.78350515464,0.0,5028.46128865979,3711.34020618557,0.0,0.0,0.0,0.0,0.0,3092.78350515464
4306,3092.78350515464,0.0,4436.15628865979,3711.34020618557,0.0,0.0,0.0,0.0,0.0,3092.78350515464
4307,3092.78350515464,0.0,3621.05628865979,3711.34020618557,0.0,0.0,0.0,0.0,0.0,3092.78350515464
4308,3092.78350515464,0.0,3128.03628865979,3711.34020618557,0.0,0.0,0.0,0.0,0.0,3092.78350515464
4309,3092.78350515464,0.0,3447.37128865979,3711.34020618557,0.0,0.0,0.0,0.0,0.0,3092.78350515464
4310,3092.78350515464,0.0,3756.82128865979,3711.34020618557,0.0,0.0,0.0,0.0,0.0,3092.78350515464
4311,3092.78350515464,0.0,3893.29128865979,3711.34020618557,0.0,0.0,0.0,0.0,0.0,3092.78350515464
4312,3092.78350515464,0.0,2757.76128865979,3711.34020618557,0.0,0.0,0.0,0.0,0.0,3092.78350515464
4313,3092.78350515464,0.0,0.0,1504.35649484536,0.0,0.0,0.0,0.0,0.0,3092.78350515464
4314,502.7325,0.0,0.0,0.0,0.0,0.0,2512.349475,0.0,0.0,3015.081975
4315,868.551,0.0,0.0,0.0,0.0,0.0,2157.50553,0.0,0.0,3026.05653
4316,0.0,0.0,0.0,0.0,0.0,0.0,3000.0,0.0,0.0,3000.0
4317,0.0,0.0,0.0,0.0,0.0,0.0,3000.0,0.0,0.0,3000.0
4318,0.0,0.0,0.0,0.0,0.0,0.0,3000.0,0.0,0.0,3000.0
4319,0.0,0.0,0.0,0.0,0.0,0.0,0.0,0.0,0.0,0.0
4320,0.0,0.0,0.0,0.0,0.0,0.0,0.0,0.0,0.0,0.0
4321,0.0,0.0,0.0,0.0,0.0,0.0,0.0,0.0,0.0,0.0
4322,0.0,0.0,0.0,0.0,0.0,0.0,0.0,0.0,0.0,0.0
4323,0.0,0.0,0.0,1448.1435,0.0,0.0,0.0,0.0,0.0,0.0
4324,0.0,0.0,729.979793814432,3711.34020618557,0.0,0.0,0.0,0.0,0.0,0.0
4325,618.129,0.0,0.0,0.0,0.0,0.0,150.41487,0.0,0.0,768.54387
4326,3092.78350515464,0.0,0.0,1460.46649484536,0.0,0.0,0.0,0.0,0.0,3092.78350515464
4327,3092.78350515464,0.0,2914.87128865979,3711.34020618557,0.0,0.0,0.0,0.0,0.0,3092.78350515464
4328,3092.78350515464,0.0,2664.83628865979,3711.34020618557,0.0,0.0,0.0,0.0,0.0,3092.78350515464
4329,3092.78350515464,0.0,1529.35128865979,3711.34020618557,0.0,0.0,0.0,0.0,0.0,3092.78350515464
4330,3092.78350515464,0.0,4194.44628865979,3711.34020618557,0.0,0.0,0.0,0.0,0.0,3092.78350515464
4331,3092.78350515464,0.0,3373.78128865979,3711.34020618557,0.0,0.0,0.0,0.0,0.0,3092.78350515464
4332,3092.78350515464,0.0,3069.55128865979,3711.34020618557,0.0,0.0,0.0,0.0,0.0,3092.78350515464
4333,3092.78350515464,0.0,3122.87628865979,3711.34020618557,0.0,0.0,0.0,0.0,0.0,3092.78350515464
4334,3092.78350515464,0.0,3626.60628865979,3711.34020618557,0.0,0.0,0.0,0.0,0.0,3092.78350515464
4335,3092.78350515464,0.0,3379.57128865979,3711.34020618557,0.0,0.0,0.0,0.0,0.0,3092.78350515464
4336,3092.78350515464,0.0,3338.65128865979,3711.34020618557,0.0,0.0,0.0,0.0,0.0,3092.78350515464
4337,3092.78350515464,0.0,2151.77628865979,3711.34020618557,0.0,0.0,0.0,0.0,0.0,3092.78350515464
4338,2103.135,0.0,0.0,0.0,0.0,0.0,959.95905,0.0,0.0,3063.09405
4339,473.9805,0.0,0.0,0.0,0.0,0.0,2540.238915,0.0,0.0,3014.219415
4340,0.0,0.0,0.0,0.0,0.0,0.0,3000.0,0.0,0.0,3000.0
4341,0.0,0.0,0.0,0.0,0.0,0.0,3000.0,0.0,0.0,3000.0
4342,0.0,0.0,0.0,0.0,0.0,0.0,3000.0,0.0,0.0,3000.0
4343,0.0,0.0,0.0,0.0,0.0,0.0,0.0,0.0,0.0,0.0
4344,0.0,0.0,0.0,0.0,0.0,0.0,0.0,0.0,0.0,0.0
4345,0.0,0.0,0.0,0.0,0.0,0.0,0.0,0.0,0.0,0.0
4346,0.0,0.0,0.0,0.0,0.0,0.0,0.0,0.0,0.0,0.0
4347,0.0,0.0,0.0,110.67915,0.0,0.0,0.0,0.0,0.0,0.0
4348,0.0,0.0,605.359793814433,3711.34020618557,0.0,0.0,0.0,0.0,0.0,0.0
4349,773.19587628866,0.0,2761.87391752577,3711.34020618557,0.0,0.0,0.0,0.0,0.0,773.19587628866
4350,3092.78350515464,0.0,2455.85628865979,3711.34020618557,0.0,0.0,0.0,0.0,0.0,3092.78350515464
4351,3092.78350515464,0.0,3697.09128865979,3711.34020618557,0.0,0.0,0.0,0.0,0.0,3092.78350515464
4352,3092.78350515464,0.0,4481.86128865979,3711.34020618557,0.0,0.0,0.0,0.0,0.0,3092.78350515464
4353,3092.78350515464,0.0,4415.27628865979,3711.34020618557,0.0,0.0,0.0,0.0,0.0,3092.78350515464
4354,3092.78350515464,0.0,3753.46128865979,3711.34020618557,0.0,0.0,0.0,0.0,0.0,3092.78350515464
4355,3092.78350515464,0.0,1959.02628865979,3711.34020618557,0.0,0.0,0.0,0.0,0.0,3092.78350515464
4356,3092.78350515464,0.0,102.356288659793,3711.34020618557,0.0,0.0,0.0,0.0,0.0,3092.78350515464
4357,649.923,0.0,0.0,0.0,0.0,0.0,2369.57469,0.0,0.0,3019.49769
4358,3092.78350515464,0.0,984.341288659793,3711.34020618557,0.0,0.0,0.0,0.0,0.0,3092.78350515464
4359,3092.78350515464,0.0,3126.67128865979,3711.34020618557,0.0,0.0,0.0,0.0,0.0,3092.78350515464
4360,3092.78350515464,0.0,0.0,2739.06649484536,0.0,0.0,0.0,0.0,0.0,3092.78350515464
4361,3092.78350515464,0.0,0.0,3121.46149484536,0.0,0.0,0.0,0.0,0.0,3092.78350515464
4362,3092.78350515464,0.0,0.0,171.33649484536,0.0,0.0,0.0,0.0,0.0,3092.78350515464
4363,708.8475,0.0,0.0,0.0,0.0,0.0,2312.417925,0.0,0.0,3021.265425
4364,0.0,0.0,0.0,0.0,0.0,0.0,3000.0,0.0,0.0,3000.0
4365,0.0,0.0,0.0,0.0,0.0,0.0,3000.0,0.0,0.0,3000.0
4366,0.0,0.0,0.0,0.0,0.0,0.0,3000.0,0.0,0.0,3000.0
4367,0.0,0.0,0.0,0.0,0.0,0.0,0.0,0.0,0.0,0.0
4368,0.0,0.0,0.0,0.0,0.0,0.0,0.0,0.0,0.0,0.0
4369,0.0,0.0,0.0,0.0,0.0,0.0,0.0,0.0,0.0,0.0
4370,0.0,0.0,0.0,0.0,0.0,0.0,0.0,0.0,0.0,0.0
4371,0.0,0.0,0.0,1076.7435,0.0,0.0,0.0,0.0,0.0,0.0
4372,0.0,0.0,591.394793814432,3711.34020618557,0.0,0.0,0.0,0.0,0.0,0.0
4373,773.19587628866,0.0,3103.58891752577,3711.34020618557,0.0,0.0,0.0,0.0,0.0,773.19587628866
4374,3092.78350515464,0.0,1311.20628865979,3711.34020618557,0.0,0.0,0.0,0.0,0.0,3092.78350515464
4375,3092.78350515464,0.0,2633.51628865979,3711.34020618557,0.0,0.0,0.0,0.0,0.0,3092.78350515464
4376,1364.157,0.0,0.0,0.0,0.0,0.0,1676.76771,0.0,0.0,3040.9247100000002
4377,3092.78350515464,0.0,0.0,946.37149484536,0.0,0.0,0.0,0.0,0.0,3092.78350515464
4378,3092.78350515464,0.0,0.0,2656.14649484536,0.0,0.0,0.0,0.0,0.0,3092.78350515464
4379,3092.78350515464,0.0,0.0,2849.85649484536,0.0,0.0,0.0,0.0,0.0,3092.78350515464
4380,3092.78350515464,0.0,0.0,694.80649484536,0.0,0.0,0.0,0.0,0.0,3092.78350515464
4381,3092.78350515464,0.0,0.0,809.676494845361,0.0,0.0,0.0,0.0,0.0,3092.78350515464
4382,3092.78350515464,0.0,0.0,1135.97149484536,0.0,0.0,0.0,0.0,0.0,3092.78350515464
4383,3092.78350515464,0.0,3223.21128865979,3711.34020618557,0.0,0.0,0.0,0.0,0.0,3092.78350515464
4384,3092.78350515464,0.0,0.0,145.29649484536,0.0,0.0,0.0,0.0,0.0,3092.78350515464
4385,330.3255,0.0,0.0,0.0,0.0,0.0,2679.584265,0.0,0.0,3009.909765
4386,48.9627,0.0,0.0,0.0,0.0,0.0,2952.506181,0.0,0.0,3001.4688810000002
4387,0.0,0.0,0.0,0.0,0.0,0.0,3000.0,0.0,0.0,3000.0
4388,0.0,0.0,0.0,0.0,0.0,0.0,3000.0,0.0,0.0,3000.0
4389,0.0,0.0,0.0,0.0,0.0,0.0,3000.0,0.0,0.0,3000.0
4390,0.0,0.0,0.0,0.0,0.0,0.0,3000.0,0.0,0.0,3000.0
4391,0.0,0.0,0.0,0.0,0.0,0.0,0.0,0.0,0.0,0.0
4392,0.0,0.0,0.0,0.0,0.0,0.0,0.0,0.0,0.0,0.0
4393,0.0,0.0,0.0,0.0,0.0,0.0,0.0,0.0,0.0,0.0
4394,0.0,0.0,0.0,0.0,0.0,0.0,0.0,0.0,0.0,0.0
4395,0.0,0.0,0.0,0.0,0.0,0.0,0.0,0.0,0.0,0.0
4396,0.0,0.0,0.0,87.33705,0.0,0.0,0.0,0.0,0.0,0.0
4397,366.9345,0.0,0.0,0.0,0.0,0.0,394.073535,0.0,0.0,761.0080350000001
4398,3092.78350515464,0.0,0.0,3161.67649484536,0.0,0.0,0.0,0.0,0.0,3092.78350515464
4399,3092.78350515464,0.0,0.0,2383.80649484536,0.0,0.0,0.0,0.0,0.0,3092.78350515464
4400,3092.78350515464,0.0,0.0,832.76149484536,0.0,0.0,0.0,0.0,0.0,3092.78350515464
4401,3092.78350515464,0.0,0.0,361.821494845361,0.0,0.0,0.0,0.0,0.0,3092.78350515464
4402,3092.78350515464,0.0,179.921288659793,3711.34020618557,0.0,0.0,0.0,0.0,0.0,3092.78350515464
4403,3092.78350515464,0.0,714.176288659793,3711.34020618557,0.0,0.0,0.0,0.0,0.0,3092.78350515464
4404,3092.78350515464,0.0,891.506288659793,3711.34020618557,0.0,0.0,0.0,0.0,0.0,3092.78350515464
4405,3092.78350515464,0.0,1169.86128865979,3711.34020618557,0.0,0.0,0.0,0.0,0.0,3092.78350515464
4406,3092.78350515464,0.0,0.0,2034.66649484536,0.0,0.0,0.0,0.0,0.0,3092.78350515464
4407,3092.78350515464,0.0,0.0,2476.08649484536,0.0,0.0,0.0,0.0,0.0,3092.78350515464
4408,3092.78350515464,0.0,0.0,2648.75149484536,0.0,0.0,0.0,0.0,0.0,3092.78350515464
4409,896.271,0.0,0.0,0.0,0.0,0.0,2130.61713,0.0,0.0,3026.8881300000003
4410,2096.655,0.0,0.0,0.0,0.0,0.0,966.24465,0.0,0.0,3062.8996500000003
4411,459.516,0.0,0.0,0.0,0.0,0.0,2554.26948,0.0,0.0,3013.78548
4412,0.0,0.0,0.0,0.0,0.0,0.0,3000.0,0.0,0.0,3000.0
4413,0.0,0.0,0.0,0.0,0.0,0.0,3000.0,0.0,0.0,3000.0
4414,0.0,0.0,0.0,0.0,0.0,0.0,3000.0,0.0,0.0,3000.0
4415,0.0,0.0,0.0,0.0,0.0,0.0,0.0,0.0,0.0,0.0
4416,0.0,0.0,0.0,0.0,0.0,0.0,0.0,0.0,0.0,0.0
4417,0.0,0.0,0.0,0.0,0.0,0.0,0.0,0.0,0.0,0.0
4418,0.0,0.0,0.0,0.0,0.0,0.0,0.0,0.0,0.0,0.0
4419,0.0,0.0,0.0,1307.1375,0.0,0.0,0.0,0.0,0.0,0.0
4420,0.0,0.0,1470.99479381443,3711.34020618557,0.0,0.0,0.0,0.0,0.0,0.0
4421,773.19587628866,0.0,4274.21891752577,3711.34020618557,0.0,0.0,0.0,0.0,0.0,773.19587628866
4422,3092.78350515464,0.0,3700.04628865979,3711.34020618557,0.0,0.0,0.0,0.0,0.0,3092.78350515464
4423,3092.78350515464,0.0,5128.78128865979,3711.34020618557,0.0,0.0,0.0,0.0,0.0,3092.78350515464
4424,3092.78350515464,0.0,5611.24128865979,3711.34020618557,0.0,0.0,0.0,0.0,0.0,3092.78350515464
4425,3092.78350515464,0.0,3451.33128865979,3711.34020618557,0.0,0.0,0.0,0.0,0.0,3092.78350515464
4426,3092.78350515464,0.0,2634.83628865979,3711.34020618557,0.0,0.0,0.0,0.0,0.0,3092.78350515464
4427,3092.78350515464,0.0,892.631288659793,3711.34020618557,0.0,0.0,0.0,0.0,0.0,3092.78350515464
4428,3092.78350515464,0.0,443.351288659793,3711.34020618557,0.0,0.0,0.0,0.0,0.0,3092.78350515464
4429,3092.78350515464,0.0,1127.12628865979,3711.34020618557,0.0,0.0,0.0,0.0,0.0,3092.78350515464
4430,3092.78350515464,0.0,0.0,1165.74649484536,0.0,0.0,0.0,0.0,0.0,3092.78350515464
4431,3092.78350515464,0.0,0.0,1669.76149484536,0.0,0.0,0.0,0.0,0.0,3092.78350515464
4432,1429.593,0.0,0.0,0.0,0.0,0.0,1613.29479,0.0,0.0,3042.8877899999998
4433,863.064,0.0,0.0,0.0,0.0,0.0,2162.82792,0.0,0.0,3025.89192
4434,504.4635,0.0,0.0,0.0,0.0,0.0,2510.670405,0.0,0.0,3015.1339049999997
4435,49.4586,0.0,0.0,0.0,0.0,0.0,2952.025158,0.0,0.0,3001.483758
4436,0.0,0.0,0.0,0.0,0.0,0.0,3000.0,0.0,0.0,3000.0
4437,0.0,0.0,0.0,0.0,0.0,0.0,3000.0,0.0,0.0,3000.0
4438,0.0,0.0,0.0,0.0,0.0,0.0,3000.0,0.0,0.0,3000.0
4439,0.0,0.0,0.0,0.0,0.0,0.0,0.0,0.0,0.0,0.0
4440,0.0,0.0,0.0,0.0,0.0,0.0,0.0,0.0,0.0,0.0
4441,0.0,0.0,0.0,0.0,0.0,0.0,0.0,0.0,0.0,0.0
4442,0.0,0.0,0.0,0.0,0.0,0.0,0.0,0.0,0.0,0.0
4443,0.0,0.0,0.0,0.0,0.0,0.0,0.0,0.0,0.0,0.0
4444,0.0,0.0,0.0,88.0005,0.0,0.0,0.0,0.0,0.0,0.0
4445,289.6455,0.0,0.0,0.0,0.0,0.0,469.043865,0.0,0.0,758.689365
4446,521.5635,0.0,0.0,0.0,0.0,0.0,2494.083405,0.0,0.0,3015.6469049999996
4447,1983.135,0.0,0.0,0.0,0.0,0.0,1076.35905,0.0,0.0,3059.4940500000002
4448,1091.178,0.0,0.0,0.0,0.0,0.0,1941.55734,0.0,0.0,3032.73534
4449,1849.065,0.0,0.0,0.0,0.0,0.0,1206.40695,0.0,0.0,3055.47195
4450,2155.23,0.0,0.0,0.0,0.0,0.0,909.4269,0.0,0.0,3064.6569
4451,1891.605,0.0,0.0,0.0,0.0,0.0,1165.14315,0.0,0.0,3056.7481500000004
4452,1804.185,0.0,0.0,0.0,0.0,0.0,1249.94055,0.0,0.0,3054.1255499999997
4453,1408.857,0.0,0.0,0.0,0.0,0.0,1633.40871,0.0,0.0,3042.2657099999997
4454,1102.308,0.0,0.0,0.0,0.0,0.0,1930.76124,0.0,0.0,3033.06924
4455,903.7335,0.0,0.0,0.0,0.0,0.0,2123.378505,0.0,0.0,3027.112005
4456,479.88,0.0,0.0,0.0,0.0,0.0,2534.5164,0.0,0.0,3014.3964
4457,671.241,0.0,0.0,0.0,0.0,0.0,2348.89623,0.0,0.0,3020.13723
4458,91.3119,0.0,0.0,0.0,0.0,0.0,2911.427457,0.0,0.0,3002.739357
4459,0.0,0.0,0.0,0.0,0.0,0.0,3000.0,0.0,0.0,3000.0
4460,0.0,0.0,0.0,0.0,0.0,0.0,3000.0,0.0,0.0,3000.0
4461,0.0,0.0,0.0,0.0,0.0,0.0,3000.0,0.0,0.0,3000.0
4462,0.0,0.0,0.0,0.0,0.0,0.0,3000.0,0.0,0.0,3000.0
4463,0.0,0.0,0.0,0.0,0.0,0.0,0.0,0.0,0.0,0.0
4464,0.0,0.0,0.0,0.0,0.0,0.0,0.0,0.0,0.0,0.0
4465,0.0,0.0,0.0,0.0,0.0,0.0,0.0,0.0,0.0,0.0
4466,0.0,0.0,0.0,0.0,0.0,0.0,0.0,0.0,0.0,0.0
4467,0.0,0.0,0.0,0.0,0.0,0.0,0.0,0.0,0.0,0.0
4468,0.0,0.0,0.0,86.16105,0.0,0.0,0.0,0.0,0.0,0.0
4469,392.7885,0.0,0.0,0.0,0.0,0.0,368.995155,0.0,0.0,761.783655
4470,513.1845,0.0,0.0,0.0,0.0,0.0,2502.211035,0.0,0.0,3015.3955349999997
4471,3092.78350515464,0.0,0.0,1807.73149484536,0.0,0.0,0.0,0.0,0.0,3092.78350515464
4472,3092.78350515464,0.0,0.0,2633.55649484536,0.0,0.0,0.0,0.0,0.0,3092.78350515464
4473,3092.78350515464,0.0,3416.83128865979,3711.34020618557,0.0,0.0,0.0,0.0,0.0,3092.78350515464
4474,3092.78350515464,0.0,0.0,2507.61649484536,0.0,0.0,0.0,0.0,0.0,3092.78350515464
4475,3092.78350515464,0.0,0.0,2698.61149484536,0.0,0.0,0.0,0.0,0.0,3092.78350515464
4476,2158.26,0.0,0.0,0.0,0.0,0.0,906.4878,0.0,0.0,3064.7478
4477,1176.9675,0.0,0.0,0.0,0.0,0.0,1858.341525,0.0,0.0,3035.309025
4478,2097.48,0.0,0.0,0.0,0.0,0.0,965.4444,0.0,0.0,3062.9244
4479,3092.78350515464,0.0,1230.77628865979,3711.34020618557,0.0,0.0,0.0,0.0,0.0,3092.78350515464
4480,3092.78350515464,0.0,0.0,1328.49649484536,0.0,0.0,0.0,0.0,0.0,3092.78350515464
4481,535.8495,0.0,0.0,0.0,0.0,0.0,2480.225985,0.0,0.0,3016.0754850000003
4482,3092.78350515464,0.0,0.0,3289.35649484536,0.0,0.0,0.0,0.0,0.0,3092.78350515464
4483,2153.835,0.0,0.0,0.0,0.0,0.0,910.78005,0.0,0.0,3064.61505
4484,0.0,0.0,0.0,0.0,0.0,0.0,3000.0,0.0,0.0,3000.0
4485,0.0,0.0,0.0,0.0,0.0,0.0,3000.0,0.0,0.0,3000.0
4486,0.0,0.0,0.0,0.0,0.0,0.0,3000.0,0.0,0.0,3000.0
4487,0.0,0.0,0.0,0.0,0.0,0.0,0.0,0.0,0.0,0.0
4488,0.0,0.0,0.0,0.0,0.0,0.0,0.0,0.0,0.0,0.0
4489,0.0,0.0,0.0,0.0,0.0,0.0,0.0,0.0,0.0,0.0
4490,0.0,0.0,0.0,0.0,0.0,0.0,0.0,0.0,0.0,0.0
4491,0.0,0.0,0.0,897.3915,0.0,0.0,0.0,0.0,0.0,0.0
4492,0.0,0.0,697.249793814432,3711.34020618557,0.0,0.0,0.0,0.0,0.0,0.0
4493,773.19587628866,0.0,2968.22891752577,3711.34020618557,0.0,0.0,0.0,0.0,0.0,773.19587628866
4494,3092.78350515464,0.0,2591.68128865979,3711.34020618557,0.0,0.0,0.0,0.0,0.0,3092.78350515464
4495,3092.78350515464,0.0,3168.73128865979,3711.34020618557,0.0,0.0,0.0,0.0,0.0,3092.78350515464
4496,3092.78350515464,0.0,3648.62628865979,3711.34020618557,0.0,0.0,0.0,0.0,0.0,3092.78350515464
4497,3092.78350515464,0.0,4043.66628865979,3711.34020618557,0.0,0.0,0.0,0.0,0.0,3092.78350515464
4498,3092.78350515464,0.0,3651.32628865979,3711.34020618557,0.0,0.0,0.0,0.0,0.0,3092.78350515464
4499,3092.78350515464,0.0,2834.14128865979,3711.34020618557,0.0,0.0,0.0,0.0,0.0,3092.78350515464
4500,3092.78350515464,0.0,2078.75628865979,3711.34020618557,0.0,0.0,0.0,0.0,0.0,3092.78350515464
4501,3092.78350515464,0.0,1489.70628865979,3711.34020618557,0.0,0.0,0.0,0.0,0.0,3092.78350515464
4502,3092.78350515464,0.0,194.186288659794,3711.34020618557,0.0,0.0,0.0,0.0,0.0,3092.78350515464
4503,3092.78350515464,0.0,0.0,2988.14149484536,0.0,0.0,0.0,0.0,0.0,3092.78350515464
4504,1751.895,0.0,0.0,0.0,0.0,0.0,1300.66185,0.0,0.0,3052.55685
4505,613.422,0.0,0.0,0.0,0.0,0.0,2404.98066,0.0,0.0,3018.40266
4506,109.5582,0.0,0.0,0.0,0.0,0.0,2893.728546,0.0,0.0,3003.2867459999998
4507,29.37975,0.0,0.0,0.0,0.0,0.0,2971.5016425,0.0,0.0,3000.8813925
4508,0.0,0.0,0.0,0.0,0.0,0.0,3000.0,0.0,0.0,3000.0
4509,0.0,0.0,0.0,0.0,0.0,0.0,3000.0,0.0,0.0,3000.0
4510,0.0,0.0,0.0,0.0,0.0,0.0,3000.0,0.0,0.0,3000.0
4511,0.0,0.0,0.0,0.0,0.0,0.0,0.0,0.0,0.0,0.0
4512,0.0,0.0,0.0,0.0,0.0,0.0,0.0,0.0,0.0,0.0
4513,0.0,0.0,0.0,0.0,0.0,0.0,0.0,0.0,0.0,0.0
4514,0.0,0.0,0.0,0.0,0.0,0.0,0.0,0.0,0.0,0.0
4515,0.0,0.0,0.0,0.0,0.0,0.0,0.0,0.0,0.0,0.0
4516,0.0,0.0,0.0,84.4479,0.0,0.0,0.0,0.0,0.0,0.0
4517,214.2615,0.0,0.0,0.0,0.0,0.0,542.166345,0.0,0.0,756.4278449999999
4518,345.4365,0.0,0.0,0.0,0.0,0.0,2664.926595,0.0,0.0,3010.3630949999997
4519,715.7745,0.0,0.0,0.0,0.0,0.0,2305.698735,0.0,0.0,3021.473235
4520,969.738,0.0,0.0,0.0,0.0,0.0,2059.35414,0.0,0.0,3029.0921399999997
4521,0.0,0.0,0.0,0.0,0.0,0.0,3000.0,0.0,0.0,3000.0
4522,0.0,0.0,0.0,0.0,0.0,0.0,3000.0,0.0,0.0,3000.0
4523,1893.795,0.0,0.0,0.0,0.0,0.0,1163.01885,0.0,0.0,3056.81385
4524,2000.085,0.0,0.0,0.0,0.0,0.0,1059.91755,0.0,0.0,3060.00255
4525,1839.27,0.0,0.0,0.0,0.0,0.0,1215.9081,0.0,0.0,3055.1781
4526,1616.775,0.0,0.0,0.0,0.0,0.0,1431.72825,0.0,0.0,3048.5032499999998
4527,939.834,0.0,0.0,0.0,0.0,0.0,2088.36102,0.0,0.0,3028.1950199999997
4528,569.1015,0.0,0.0,0.0,0.0,0.0,2447.971545,0.0,0.0,3017.073045
4529,0.0,0.0,0.0,0.0,0.0,0.0,3000.0,0.0,0.0,3000.0
4530,0.0,0.0,0.0,0.0,0.0,0.0,3000.0,0.0,0.0,3000.0
4531,0.0,0.0,0.0,0.0,0.0,0.0,3000.0,0.0,0.0,3000.0
4532,0.0,0.0,0.0,0.0,0.0,0.0,3000.0,0.0,0.0,3000.0
4533,0.0,0.0,0.0,0.0,0.0,0.0,3000.0,0.0,0.0,3000.0
4534,0.0,0.0,0.0,0.0,0.0,0.0,3000.0,0.0,0.0,3000.0
4535,0.0,0.0,0.0,0.0,0.0,0.0,0.0,0.0,0.0,0.0
4536,0.0,0.0,0.0,0.0,0.0,0.0,0.0,0.0,0.0,0.0
4537,0.0,0.0,0.0,0.0,0.0,0.0,0.0,0.0,0.0,0.0
4538,0.0,0.0,0.0,0.0,0.0,0.0,0.0,0.0,0.0,0.0
4539,0.0,0.0,0.0,0.0,0.0,0.0,0.0,0.0,0.0,0.0
4540,0.0,0.0,0.0,308.04,0.0,0.0,0.0,0.0,0.0,0.0
4541,773.19587628866,0.0,0.0,40.8811237113401,0.0,0.0,0.0,0.0,0.0,773.19587628866
4542,1707.21,0.0,0.0,0.0,0.0,0.0,1344.0063,0.0,0.0,3051.2163
4543,2451.27,0.0,0.0,0.0,0.0,0.0,622.2681,0.0,0.0,3073.5380999999998
4544,3092.78350515464,0.0,0.0,903.11149484536,0.0,0.0,0.0,0.0,0.0,3092.78350515464
4545,3092.78350515464,0.0,2512.97628865979,3711.34020618557,0.0,0.0,0.0,0.0,0.0,3092.78350515464
4546,3092.78350515464,0.0,1917.64128865979,3711.34020618557,0.0,0.0,0.0,0.0,0.0,3092.78350515464
4547,3092.78350515464,0.0,0.0,3629.43649484536,0.0,0.0,0.0,0.0,0.0,3092.78350515464
4548,3092.78350515464,0.0,2119.58628865979,3711.34020618557,0.0,0.0,0.0,0.0,0.0,3092.78350515464
4549,3092.78350515464,0.0,0.0,2462.99149484536,0.0,0.0,0.0,0.0,0.0,3092.78350515464
4550,3092.78350515464,0.0,3730.22628865979,3711.34020618557,0.0,0.0,0.0,0.0,0.0,3092.78350515464
4551,3092.78350515464,0.0,4047.68628865979,3711.34020618557,0.0,0.0,0.0,0.0,0.0,3092.78350515464
4552,3092.78350515464,0.0,2600.89128865979,3711.34020618557,0.0,0.0,0.0,0.0,0.0,3092.78350515464
4553,3092.78350515464,0.0,1498.30128865979,3711.34020618557,0.0,0.0,0.0,0.0,0.0,3092.78350515464
4554,3092.78350515464,0.0,0.0,1838.42149484536,0.0,0.0,0.0,0.0,0.0,3092.78350515464
4555,1086.5925,0.0,0.0,0.0,0.0,0.0,1946.005275,0.0,0.0,3032.597775
4556,0.0,0.0,0.0,0.0,0.0,0.0,3000.0,0.0,0.0,3000.0
4557,0.0,0.0,0.0,0.0,0.0,0.0,3000.0,0.0,0.0,3000.0
4558,0.0,0.0,0.0,0.0,0.0,0.0,3000.0,0.0,0.0,3000.0
4559,0.0,0.0,0.0,0.0,0.0,0.0,0.0,0.0,0.0,0.0
4560,0.0,0.0,0.0,0.0,0.0,0.0,0.0,0.0,0.0,0.0
4561,0.0,0.0,0.0,0.0,0.0,0.0,0.0,0.0,0.0,0.0
4562,0.0,0.0,0.0,0.0,0.0,0.0,0.0,0.0,0.0,0.0
4563,0.0,0.0,0.0,0.0,0.0,0.0,0.0,0.0,0.0,0.0
4564,0.0,0.0,0.0,3652.17,0.0,0.0,0.0,0.0,0.0,0.0
4565,773.19587628866,0.0,697.948917525773,3711.34020618557,0.0,0.0,0.0,0.0,0.0,773.19587628866
4566,3092.78350515464,0.0,594.191288659793,3711.34020618557,0.0,0.0,0.0,0.0,0.0,3092.78350515464
4567,3092.78350515464,0.0,1530.89628865979,3711.34020618557,0.0,0.0,0.0,0.0,0.0,3092.78350515464
4568,3092.78350515464,0.0,0.0,3010.16149484536,0.0,0.0,0.0,0.0,0.0,3092.78350515464
4569,3092.78350515464,0.0,0.0,474.51649484536,0.0,0.0,0.0,0.0,0.0,3092.78350515464
4570,3092.78350515464,0.0,0.0,2343.53149484536,0.0,0.0,0.0,0.0,0.0,3092.78350515464
4571,3092.78350515464,0.0,0.0,2673.23149484536,0.0,0.0,0.0,0.0,0.0,3092.78350515464
4572,3092.78350515464,0.0,0.0,1173.99649484536,0.0,0.0,0.0,0.0,0.0,3092.78350515464
4573,3092.78350515464,0.0,0.0,708.276494845361,0.0,0.0,0.0,0.0,0.0,3092.78350515464
4574,2004.135,0.0,0.0,0.0,0.0,0.0,1055.98905,0.0,0.0,3060.12405
4575,1899.99,0.0,0.0,0.0,0.0,0.0,1157.0097,0.0,0.0,3056.9997000000003
4576,3092.78350515464,0.0,0.0,125.601494845361,0.0,0.0,0.0,0.0,0.0,3092.78350515464
4577,3092.78350515464,0.0,0.0,1185.15649484536,0.0,0.0,0.0,0.0,0.0,3092.78350515464
4578,1729.935,0.0,0.0,0.0,0.0,0.0,1321.96305,0.0,0.0,3051.89805
4579,0.0,0.0,0.0,0.0,0.0,0.0,3000.0,0.0,0.0,3000.0
4580,0.0,0.0,0.0,0.0,0.0,0.0,3000.0,0.0,0.0,3000.0
4581,0.0,0.0,0.0,0.0,0.0,0.0,3000.0,0.0,0.0,3000.0
4582,0.0,0.0,0.0,0.0,0.0,0.0,3000.0,0.0,0.0,3000.0
4583,0.0,0.0,0.0,0.0,0.0,0.0,0.0,0.0,0.0,0.0
4584,0.0,0.0,0.0,0.0,0.0,0.0,0.0,0.0,0.0,0.0
4585,0.0,0.0,0.0,0.0,0.0,0.0,0.0,0.0,0.0,0.0
4586,0.0,0.0,0.0,0.0,0.0,0.0,0.0,0.0,0.0,0.0
4587,0.0,0.0,0.0,0.0,0.0,0.0,0.0,0.0,0.0,0.0
4588,0.0,0.0,0.0,70.42365,0.0,0.0,0.0,0.0,0.0,0.0
4589,556.5405,0.0,0.0,0.0,0.0,0.0,210.155715,0.0,0.0,766.6962149999999
4590,3092.78350515464,0.0,0.0,990.45649484536,0.0,0.0,0.0,0.0,0.0,3092.78350515464
4591,3092.78350515464,0.0,0.0,2661.44149484536,0.0,0.0,0.0,0.0,0.0,3092.78350515464
4592,3092.78350515464,0.0,157.886288659794,3711.34020618557,0.0,0.0,0.0,0.0,0.0,3092.78350515464
4593,3092.78350515464,0.0,0.0,3095.28649484536,0.0,0.0,0.0,0.0,0.0,3092.78350515464
4594,3092.78350515464,0.0,1199.23128865979,3711.34020618557,0.0,0.0,0.0,0.0,0.0,3092.78350515464
4595,3092.78350515464,0.0,1250.45628865979,3711.34020618557,0.0,0.0,0.0,0.0,0.0,3092.78350515464
4596,3092.78350515464,0.0,0.0,585.53149484536,0.0,0.0,0.0,0.0,0.0,3092.78350515464
4597,3092.78350515464,0.0,520.031288659793,3711.34020618557,0.0,0.0,0.0,0.0,0.0,3092.78350515464
4598,1809.84,0.0,0.0,0.0,0.0,0.0,1244.4552,0.0,0.0,3054.2952
4599,3092.78350515464,0.0,0.0,1603.44649484536,0.0,0.0,0.0,0.0,0.0,3092.78350515464
4600,3092.78350515464,0.0,0.0,2749.89649484536,0.0,0.0,0.0,0.0,0.0,3092.78350515464
4601,3092.78350515464,0.0,0.0,3234.65149484536,0.0,0.0,0.0,0.0,0.0,3092.78350515464
4602,3092.78350515464,0.0,0.0,809.451494845361,0.0,0.0,0.0,0.0,0.0,3092.78350515464
4603,58.3869,0.0,0.0,0.0,0.0,0.0,2943.364707,0.0,0.0,3001.751607
4604,0.0,0.0,0.0,0.0,0.0,0.0,3000.0,0.0,0.0,3000.0
4605,0.0,0.0,0.0,0.0,0.0,0.0,3000.0,0.0,0.0,3000.0
4606,0.0,0.0,0.0,0.0,0.0,0.0,3000.0,0.0,0.0,3000.0
4607,0.0,0.0,0.0,0.0,0.0,0.0,0.0,0.0,0.0,0.0
4608,0.0,0.0,0.0,0.0,0.0,0.0,0.0,0.0,0.0,0.0
4609,0.0,0.0,0.0,0.0,0.0,0.0,0.0,0.0,0.0,0.0
4610,0.0,0.0,0.0,0.0,0.0,0.0,0.0,0.0,0.0,0.0
4611,0.0,0.0,0.0,0.0,0.0,0.0,0.0,0.0,0.0,0.0
4612,0.0,0.0,393.889793814432,3711.34020618557,0.0,0.0,0.0,0.0,0.0,0.0
4613,773.19587628866,0.0,3274.58891752577,3711.34020618557,0.0,0.0,0.0,0.0,0.0,773.19587628866
4614,3092.78350515464,0.0,3180.04128865979,3711.34020618557,0.0,0.0,0.0,0.0,0.0,3092.78350515464
4615,3092.78350515464,0.0,4364.6212886598,3711.34020618557,0.0,0.0,0.0,0.0,0.0,3092.78350515464
4616,3092.78350515464,0.0,5243.63628865979,3711.34020618557,0.0,0.0,0.0,0.0,0.0,3092.78350515464
4617,3092.78350515464,0.0,5273.78628865979,3711.34020618557,0.0,0.0,0.0,0.0,0.0,3092.78350515464
4618,3092.78350515464,0.0,4499.35128865979,3711.34020618557,0.0,0.0,0.0,0.0,0.0,3092.78350515464
4619,3092.78350515464,0.0,3569.56128865979,3711.34020618557,0.0,0.0,0.0,0.0,0.0,3092.78350515464
4620,3092.78350515464,0.0,3212.87628865979,3711.34020618557,0.0,0.0,0.0,0.0,0.0,3092.78350515464
4621,3092.78350515464,0.0,3236.47128865979,3711.34020618557,0.0,0.0,0.0,0.0,0.0,3092.78350515464
4622,3092.78350515464,0.0,3362.05128865979,3711.34020618557,0.0,0.0,0.0,0.0,0.0,3092.78350515464
4623,3092.78350515464,0.0,2756.08128865979,3711.34020618557,0.0,0.0,0.0,0.0,0.0,3092.78350515464
4624,3092.78350515464,0.0,3880.66128865979,3711.34020618557,0.0,0.0,0.0,0.0,0.0,3092.78350515464
4625,3092.78350515464,0.0,353.771288659794,3711.34020618557,0.0,0.0,0.0,0.0,0.0,3092.78350515464
4626,3092.78350515464,0.0,0.0,1399.94149484536,0.0,0.0,0.0,0.0,0.0,3092.78350515464
4627,783.3585,0.0,0.0,0.0,0.0,0.0,2240.142255,0.0,0.0,3023.500755
4628,0.0,0.0,0.0,0.0,0.0,0.0,3000.0,0.0,0.0,3000.0
4629,0.0,0.0,0.0,0.0,0.0,0.0,3000.0,0.0,0.0,3000.0
4630,0.0,0.0,0.0,0.0,0.0,0.0,3000.0,0.0,0.0,3000.0
4631,0.0,0.0,0.0,0.0,0.0,0.0,0.0,0.0,0.0,0.0
4632,0.0,0.0,0.0,0.0,0.0,0.0,0.0,0.0,0.0,0.0
4633,0.0,0.0,0.0,0.0,0.0,0.0,0.0,0.0,0.0,0.0
4634,0.0,0.0,0.0,0.0,0.0,0.0,0.0,0.0,0.0,0.0
4635,0.0,0.0,0.0,0.0,0.0,0.0,0.0,0.0,0.0,0.0
4636,0.0,0.0,33.9497938144323,3711.34020618557,0.0,0.0,0.0,0.0,0.0,0.0
4637,773.19587628866,0.0,-1.13686837721616e-13,1179.18912371134,0.0,0.0,0.0,0.0,0.0,773.19587628866
4638,2574.015,0.0,0.0,0.0,0.0,0.0,503.20545,0.0,0.0,3077.22045
4639,3092.78350515464,0.0,507.701288659793,3711.34020618557,0.0,0.0,0.0,0.0,0.0,3092.78350515464
4640,3092.78350515464,0.0,2179.64628865979,3711.34020618557,0.0,0.0,0.0,0.0,0.0,3092.78350515464
4641,3092.78350515464,0.0,1453.48128865979,3711.34020618557,0.0,0.0,0.0,0.0,0.0,3092.78350515464
4642,3092.78350515464,0.0,2293.70628865979,3711.34020618557,0.0,0.0,0.0,0.0,0.0,3092.78350515464
4643,3092.78350515464,0.0,1716.44628865979,3711.34020618557,0.0,0.0,0.0,0.0,0.0,3092.78350515464
4644,3092.78350515464,0.0,1280.74128865979,3711.34020618557,0.0,0.0,0.0,0.0,0.0,3092.78350515464
4645,3092.78350515464,0.0,43.1962886597939,3711.34020618557,0.0,0.0,0.0,0.0,0.0,3092.78350515464
4646,3092.78350515464,0.0,1147.36128865979,3711.34020618557,0.0,0.0,0.0,0.0,0.0,3092.78350515464
4647,3092.78350515464,0.0,375.101288659793,3711.34020618557,0.0,0.0,0.0,0.0,0.0,3092.78350515464
4648,939.7125,0.0,0.0,0.0,0.0,0.0,2088.478875,0.0,0.0,3028.191375
4649,2918.88,0.0,0.0,0.0,0.0,0.0,168.6864,0.0,0.0,3087.5664
4650,2345.64,0.0,0.0,0.0,0.0,0.0,724.7292,0.0,0.0,3070.3692
4651,0.0,0.0,0.0,0.0,0.0,0.0,3000.0,0.0,0.0,3000.0
4652,0.0,0.0,0.0,0.0,0.0,0.0,3000.0,0.0,0.0,3000.0
4653,0.0,0.0,0.0,0.0,0.0,0.0,3000.0,0.0,0.0,3000.0
4654,0.0,0.0,0.0,0.0,0.0,0.0,3000.0,0.0,0.0,3000.0
4655,0.0,0.0,0.0,0.0,0.0,0.0,0.0,0.0,0.0,0.0
4656,0.0,0.0,0.0,0.0,0.0,0.0,0.0,0.0,0.0,0.0
4657,0.0,0.0,0.0,0.0,0.0,0.0,0.0,0.0,0.0,0.0
4658,0.0,0.0,0.0,0.0,0.0,0.0,0.0,0.0,0.0,0.0
4659,0.0,0.0,0.0,0.0,0.0,0.0,0.0,0.0,0.0,0.0
4660,0.0,0.0,0.0,3339.975,0.0,0.0,0.0,0.0,0.0,0.0
4661,773.19587628866,0.0,3196.30391752577,3711.34020618557,0.0,0.0,0.0,0.0,0.0,773.19587628866
4662,3092.78350515464,0.0,2884.76628865979,3711.34020618557,0.0,0.0,0.0,0.0,0.0,3092.78350515464
4663,3092.78350515464,0.0,4110.43128865979,3711.34020618557,0.0,0.0,0.0,0.0,0.0,3092.78350515464
4664,3092.78350515464,0.0,4666.52628865979,3711.34020618557,0.0,0.0,0.0,0.0,0.0,3092.78350515464
4665,3092.78350515464,0.0,3527.78628865979,3711.34020618557,0.0,0.0,0.0,0.0,0.0,3092.78350515464
4666,3092.78350515464,0.0,3556.00128865979,3711.34020618557,0.0,0.0,0.0,0.0,0.0,3092.78350515464
4667,3092.78350515464,0.0,3237.38628865979,3711.34020618557,0.0,0.0,0.0,0.0,0.0,3092.78350515464
4668,3092.78350515464,0.0,2088.14628865979,3711.34020618557,0.0,0.0,0.0,0.0,0.0,3092.78350515464
4669,3092.78350515464,0.0,3100.81128865979,3711.34020618557,0.0,0.0,0.0,0.0,0.0,3092.78350515464
4670,3092.78350515464,0.0,3172.88628865979,3711.34020618557,0.0,0.0,0.0,0.0,0.0,3092.78350515464
4671,3092.78350515464,0.0,0.0,2428.73149484536,0.0,0.0,0.0,0.0,0.0,3092.78350515464
4672,3092.78350515464,0.0,0.0,1504.31149484536,0.0,0.0,0.0,0.0,0.0,3092.78350515464
4673,312.201,0.0,0.0,0.0,0.0,0.0,2697.16503,0.0,0.0,3009.36603
4674,1016.358,0.0,0.0,0.0,0.0,0.0,2014.13274,0.0,0.0,3030.49074
4675,28.8981,0.0,0.0,0.0,0.0,0.0,2971.968843,0.0,0.0,3000.866943
4676,0.0,0.0,0.0,0.0,0.0,0.0,3000.0,0.0,0.0,3000.0
4677,0.0,0.0,0.0,0.0,0.0,0.0,3000.0,0.0,0.0,3000.0
4678,0.0,0.0,0.0,0.0,0.0,0.0,3000.0,0.0,0.0,3000.0
4679,0.0,0.0,0.0,0.0,0.0,0.0,0.0,0.0,0.0,0.0
4680,0.0,0.0,0.0,0.0,0.0,0.0,0.0,0.0,0.0,0.0
4681,0.0,0.0,0.0,0.0,0.0,0.0,0.0,0.0,0.0,0.0
4682,0.0,0.0,0.0,0.0,0.0,0.0,0.0,0.0,0.0,0.0
4683,0.0,0.0,0.0,0.0,0.0,0.0,0.0,0.0,0.0,0.0
4684,0.0,0.0,0.0,200.781,0.0,0.0,0.0,0.0,0.0,0.0
4685,773.19587628866,0.0,-1.13686837721616e-13,1210.56912371134,0.0,0.0,0.0,0.0,0.0,773.19587628866
4686,3092.78350515464,0.0,0.0,2650.76149484536,0.0,0.0,0.0,0.0,0.0,3092.78350515464
4687,3092.78350515464,0.0,253.826288659793,3711.34020618557,0.0,0.0,0.0,0.0,0.0,3092.78350515464
4688,3092.78350515464,0.0,0.0,3634.35649484536,0.0,0.0,0.0,0.0,0.0,3092.78350515464
4689,3092.78350515464,0.0,3872.08128865979,3711.34020618557,0.0,0.0,0.0,0.0,0.0,3092.78350515464
4690,3092.78350515464,0.0,2550.56628865979,3711.34020618557,0.0,0.0,0.0,0.0,0.0,3092.78350515464
4691,3092.78350515464,0.0,3006.52128865979,3711.34020618557,0.0,0.0,0.0,0.0,0.0,3092.78350515464
4692,3092.78350515464,0.0,1344.01128865979,3711.34020618557,0.0,0.0,0.0,0.0,0.0,3092.78350515464
4693,2567.97,0.0,0.0,0.0,0.0,0.0,509.0691,0.0,0.0,3077.0391
4694,3092.78350515464,0.0,1658.74128865979,3711.34020618557,0.0,0.0,0.0,0.0,0.0,3092.78350515464
4695,3092.78350515464,0.0,1108.42128865979,3711.34020618557,0.0,0.0,0.0,0.0,0.0,3092.78350515464
4696,3092.78350515464,0.0,0.0,2967.75649484536,0.0,0.0,0.0,0.0,0.0,3092.78350515464
4697,3092.78350515464,0.0,0.0,1378.25149484536,0.0,0.0,0.0,0.0,0.0,3092.78350515464
4698,3092.78350515464,0.0,0.0,2092.26649484536,0.0,0.0,0.0,0.0,0.0,3092.78350515464
4699,599.9805,0.0,0.0,0.0,0.0,0.0,2418.018915,0.0,0.0,3017.999415
4700,0.0,0.0,0.0,0.0,0.0,0.0,3000.0,0.0,0.0,3000.0
4701,0.0,0.0,0.0,0.0,0.0,0.0,3000.0,0.0,0.0,3000.0
4702,0.0,0.0,0.0,0.0,0.0,0.0,3000.0,0.0,0.0,3000.0
4703,0.0,0.0,0.0,0.0,0.0,0.0,0.0,0.0,0.0,0.0
4704,0.0,0.0,0.0,0.0,0.0,0.0,0.0,0.0,0.0,0.0
4705,0.0,0.0,0.0,0.0,0.0,0.0,0.0,0.0,0.0,0.0
4706,0.0,0.0,0.0,0.0,0.0,0.0,0.0,0.0,0.0,0.0
4707,0.0,0.0,0.0,0.0,0.0,0.0,0.0,0.0,0.0,0.0
4708,0.0,0.0,0.0,3701.1,0.0,0.0,0.0,0.0,0.0,0.0
4709,773.19587628866,0.0,3023.90891752577,3711.34020618557,0.0,0.0,0.0,0.0,0.0,773.19587628866
4710,3092.78350515464,0.0,2081.24628865979,3711.34020618557,0.0,0.0,0.0,0.0,0.0,3092.78350515464
4711,3092.78350515464,0.0,4367.32128865979,3711.34020618557,0.0,0.0,0.0,0.0,0.0,3092.78350515464
4712,3092.78350515464,0.0,5141.05128865979,3711.34020618557,0.0,0.0,0.0,0.0,0.0,3092.78350515464
4713,3092.78350515464,0.0,5153.57628865979,3711.34020618557,0.0,0.0,0.0,0.0,0.0,3092.78350515464
4714,3092.78350515464,0.0,4043.1412886598,3711.34020618557,0.0,0.0,0.0,0.0,0.0,3092.78350515464
4715,3092.78350515464,0.0,1946.81628865979,3711.34020618557,0.0,0.0,0.0,0.0,0.0,3092.78350515464
4716,3092.78350515464,0.0,0.0,2584.70149484536,0.0,0.0,0.0,0.0,0.0,3092.78350515464
4717,3092.78350515464,0.0,0.0,873.93649484536,0.0,0.0,0.0,0.0,0.0,3092.78350515464
4718,3092.78350515464,0.0,939.776288659793,3711.34020618557,0.0,0.0,0.0,0.0,0.0,3092.78350515464
4719,3092.78350515464,0.0,3714.55128865979,3711.34020618557,0.0,0.0,0.0,0.0,0.0,3092.78350515464
4720,3092.78350515464,0.0,2144.24628865979,3711.34020618557,0.0,0.0,0.0,0.0,0.0,3092.78350515464
4721,3092.78350515464,0.0,0.0,964.73149484536,0.0,0.0,0.0,0.0,0.0,3092.78350515464
4722,1592.58,0.0,0.0,0.0,0.0,0.0,1455.1974,0.0,0.0,3047.7774
4723,38.25405,0.0,0.0,0.0,0.0,0.0,2962.8935715,0.0,0.0,3001.1476215
4724,0.0,0.0,0.0,0.0,0.0,0.0,3000.0,0.0,0.0,3000.0
4725,0.0,0.0,0.0,0.0,0.0,0.0,3000.0,0.0,0.0,3000.0
4726,0.0,0.0,0.0,0.0,0.0,0.0,3000.0,0.0,0.0,3000.0
4727,0.0,0.0,0.0,0.0,0.0,0.0,0.0,0.0,0.0,0.0
4728,0.0,0.0,0.0,0.0,0.0,0.0,0.0,0.0,0.0,0.0
4729,0.0,0.0,0.0,0.0,0.0,0.0,0.0,0.0,0.0,0.0
4730,0.0,0.0,0.0,0.0,0.0,0.0,0.0,0.0,0.0,0.0
4731,0.0,0.0,0.0,0.0,0.0,0.0,0.0,0.0,0.0,0.0
4732,0.0,0.0,0.0,1294.3065,0.0,0.0,0.0,0.0,0.0,0.0
4733,773.19587628866,0.0,1117.78391752577,3711.34020618557,0.0,0.0,0.0,0.0,0.0,773.19587628866
4734,3092.78350515464,0.0,1199.59128865979,3711.34020618557,0.0,0.0,0.0,0.0,0.0,3092.78350515464
4735,3092.78350515464,0.0,2192.77128865979,3711.34020618557,0.0,0.0,0.0,0.0,0.0,3092.78350515464
4736,3092.78350515464,0.0,58.9162886597933,3711.34020618557,0.0,0.0,0.0,0.0,0.0,3092.78350515464
4737,3092.78350515464,0.0,3268.82628865979,3711.34020618557,0.0,0.0,0.0,0.0,0.0,3092.78350515464
4738,3092.78350515464,0.0,3575.45628865979,3711.34020618557,0.0,0.0,0.0,0.0,0.0,3092.78350515464
4739,3092.78350515464,0.0,2828.51628865979,3711.34020618557,0.0,0.0,0.0,0.0,0.0,3092.78350515464
4740,3092.78350515464,0.0,2733.83628865979,3711.34020618557,0.0,0.0,0.0,0.0,0.0,3092.78350515464
4741,3092.78350515464,0.0,3147.38628865979,3711.34020618557,0.0,0.0,0.0,0.0,0.0,3092.78350515464
4742,3092.78350515464,0.0,3578.86128865979,3711.34020618557,0.0,0.0,0.0,0.0,0.0,3092.78350515464
4743,1272.3555,0.0,0.0,0.0,0.0,0.0,1765.815165,0.0,0.0,3038.1706649999996
4744,343.5225,0.0,0.0,0.0,0.0,0.0,2666.783175,0.0,0.0,3010.305675
4745,138.91695,0.0,0.0,0.0,0.0,0.0,2865.2505585,0.0,0.0,3004.1675084999997
4746,30.17595,0.0,0.0,0.0,0.0,0.0,2970.7293285,0.0,0.0,3000.9052785
4747,28.878,0.0,0.0,0.0,0.0,0.0,2971.98834,0.0,0.0,3000.86634
4748,0.0,0.0,0.0,0.0,0.0,0.0,3000.0,0.0,0.0,3000.0
4749,0.0,0.0,0.0,0.0,0.0,0.0,3000.0,0.0,0.0,3000.0
4750,0.0,0.0,0.0,0.0,0.0,0.0,3000.0,0.0,0.0,3000.0
4751,0.0,0.0,0.0,0.0,0.0,0.0,0.0,0.0,0.0,0.0
4752,0.0,0.0,0.0,0.0,0.0,0.0,0.0,0.0,0.0,0.0
4753,0.0,0.0,0.0,0.0,0.0,0.0,0.0,0.0,0.0,0.0
4754,0.0,0.0,0.0,0.0,0.0,0.0,0.0,0.0,0.0,0.0
4755,0.0,0.0,0.0,0.0,0.0,0.0,0.0,0.0,0.0,0.0
4756,0.0,0.0,0.0,112.4091,0.0,0.0,0.0,0.0,0.0,0.0
4757,187.548,0.0,0.0,0.0,0.0,0.0,568.07844,0.0,0.0,755.62644
4758,465.5175,0.0,0.0,0.0,0.0,0.0,2548.448025,0.0,0.0,3013.965525
4759,2754.465,0.0,0.0,0.0,0.0,0.0,328.16895,0.0,0.0,3082.6339500000004
4760,1269.3135,0.0,0.0,0.0,0.0,0.0,1768.765905,0.0,0.0,3038.079405
4761,1485.2445,0.0,0.0,0.0,0.0,0.0,1559.312835,0.0,0.0,3044.557335
4762,1084.221,0.0,0.0,0.0,0.0,0.0,1948.30563,0.0,0.0,3032.5266300000003
4763,1696.86,0.0,0.0,0.0,0.0,0.0,1354.0458,0.0,0.0,3050.9058
4764,1469.973,0.0,0.0,0.0,0.0,0.0,1574.12619,0.0,0.0,3044.09919
4765,1537.83,0.0,0.0,0.0,0.0,0.0,1508.3049,0.0,0.0,3046.1349
4766,2463.75,0.0,0.0,0.0,0.0,0.0,610.1625,0.0,0.0,3073.9125
4767,1021.665,0.0,0.0,0.0,0.0,0.0,2008.98495,0.0,0.0,3030.64995
4768,522.4575,0.0,0.0,0.0,0.0,0.0,2493.216225,0.0,0.0,3015.673725
4769,231.9105,0.0,0.0,0.0,0.0,0.0,2775.046815,0.0,0.0,3006.957315
4770,30.3822,0.0,0.0,0.0,0.0,0.0,2970.529266,0.0,0.0,3000.911466
4771,0.0,0.0,0.0,0.0,0.0,0.0,3000.0,0.0,0.0,3000.0
4772,0.0,0.0,0.0,0.0,0.0,0.0,3000.0,0.0,0.0,3000.0
4773,0.0,0.0,0.0,0.0,0.0,0.0,3000.0,0.0,0.0,3000.0
4774,0.0,0.0,0.0,0.0,0.0,0.0,3000.0,0.0,0.0,3000.0
4775,0.0,0.0,0.0,0.0,0.0,0.0,0.0,0.0,0.0,0.0
4776,0.0,0.0,0.0,0.0,0.0,0.0,0.0,0.0,0.0,0.0
4777,0.0,0.0,0.0,0.0,0.0,0.0,0.0,0.0,0.0,0.0
4778,0.0,0.0,0.0,0.0,0.0,0.0,0.0,0.0,0.0,0.0
4779,0.0,0.0,0.0,0.0,0.0,0.0,0.0,0.0,0.0,0.0
4780,0.0,0.0,0.0,1293.477,0.0,0.0,0.0,0.0,0.0,0.0
4781,418.278,0.0,0.0,0.0,0.0,0.0,344.27034,0.0,0.0,762.54834
4782,2441.7,0.0,0.0,0.0,0.0,0.0,631.551,0.0,0.0,3073.2509999999997
4783,3092.78350515464,0.0,1993.96128865979,3711.34020618557,0.0,0.0,0.0,0.0,0.0,3092.78350515464
4784,3092.78350515464,0.0,1934.33628865979,3711.34020618557,0.0,0.0,0.0,0.0,0.0,3092.78350515464
4785,3092.78350515464,0.0,3357.62628865979,3711.34020618557,0.0,0.0,0.0,0.0,0.0,3092.78350515464
4786,3092.78350515464,0.0,0.0,2794.58149484536,0.0,0.0,0.0,0.0,0.0,3092.78350515464
4787,3092.78350515464,0.0,1713.71628865979,3711.34020618557,0.0,0.0,0.0,0.0,0.0,3092.78350515464
4788,3092.78350515464,0.0,0.0,3485.24149484536,0.0,0.0,0.0,0.0,0.0,3092.78350515464
4789,3092.78350515464,0.0,1754.41128865979,3711.34020618557,0.0,0.0,0.0,0.0,0.0,3092.78350515464
4790,3092.78350515464,0.0,1281.22128865979,3711.34020618557,0.0,0.0,0.0,0.0,0.0,3092.78350515464
4791,3092.78350515464,0.0,0.0,3389.12149484536,0.0,0.0,0.0,0.0,0.0,3092.78350515464
4792,3092.78350515464,0.0,0.0,566.076494845361,0.0,0.0,0.0,0.0,0.0,3092.78350515464
4793,3092.78350515464,0.0,846.821288659793,3711.34020618557,0.0,0.0,0.0,0.0,0.0,3092.78350515464
4794,3092.78350515464,0.0,0.0,1923.71149484536,0.0,0.0,0.0,0.0,0.0,3092.78350515464
4795,0.0,0.0,0.0,0.0,0.0,0.0,3000.0,0.0,0.0,3000.0
4796,0.0,0.0,0.0,0.0,0.0,0.0,3000.0,0.0,0.0,3000.0
4797,0.0,0.0,0.0,0.0,0.0,0.0,3000.0,0.0,0.0,3000.0
4798,0.0,0.0,0.0,0.0,0.0,0.0,3000.0,0.0,0.0,3000.0
4799,0.0,0.0,0.0,0.0,0.0,0.0,0.0,0.0,0.0,0.0
4800,0.0,0.0,0.0,0.0,0.0,0.0,0.0,0.0,0.0,0.0
4801,0.0,0.0,0.0,0.0,0.0,0.0,0.0,0.0,0.0,0.0
4802,0.0,0.0,0.0,0.0,0.0,0.0,0.0,0.0,0.0,0.0
4803,0.0,0.0,0.0,0.0,0.0,0.0,0.0,0.0,0.0,0.0
4804,0.0,0.0,0.0,2642.46,0.0,0.0,0.0,0.0,0.0,0.0
4805,773.19587628866,0.0,2273.60891752577,3711.34020618557,0.0,0.0,0.0,0.0,0.0,773.19587628866
4806,3092.78350515464,0.0,0.0,3201.98149484536,0.0,0.0,0.0,0.0,0.0,3092.78350515464
4807,3092.78350515464,0.0,375.626288659793,3711.34020618557,0.0,0.0,0.0,0.0,0.0,3092.78350515464
4808,3092.78350515464,0.0,2269.04628865979,3711.34020618557,0.0,0.0,0.0,0.0,0.0,3092.78350515464
4809,3092.78350515464,0.0,468.656288659793,3711.34020618557,0.0,0.0,0.0,0.0,0.0,3092.78350515464
4810,3092.78350515464,0.0,0.0,3666.86149484536,0.0,0.0,0.0,0.0,0.0,3092.78350515464
4811,3092.78350515464,0.0,0.0,2047.41649484536,0.0,0.0,0.0,0.0,0.0,3092.78350515464
4812,0.0,0.0,0.0,0.0,0.0,0.0,3000.0,0.0,0.0,3000.0
4813,0.0,0.0,0.0,0.0,0.0,0.0,3000.0,0.0,0.0,3000.0
4814,0.0,0.0,0.0,0.0,0.0,0.0,3000.0,0.0,0.0,3000.0
4815,1973.025,0.0,0.0,0.0,0.0,0.0,1086.16575,0.0,0.0,3059.1907499999998
4816,2773.455,0.0,0.0,0.0,0.0,0.0,309.74865,0.0,0.0,3083.20365
4817,679.908,0.0,0.0,0.0,0.0,0.0,2340.48924,0.0,0.0,3020.39724
4818,90.7527,0.0,0.0,0.0,0.0,0.0,2911.969881,0.0,0.0,3002.722581
4819,0.0,0.0,0.0,0.0,0.0,0.0,3000.0,0.0,0.0,3000.0
4820,0.0,0.0,0.0,0.0,0.0,0.0,3000.0,0.0,0.0,3000.0
4821,0.0,0.0,0.0,0.0,0.0,0.0,3000.0,0.0,0.0,3000.0
4822,0.0,0.0,0.0,0.0,0.0,0.0,3000.0,0.0,0.0,3000.0
4823,0.0,0.0,0.0,0.0,0.0,0.0,0.0,0.0,0.0,0.0
4824,0.0,0.0,0.0,0.0,0.0,0.0,0.0,0.0,0.0,0.0
4825,0.0,0.0,0.0,0.0,0.0,0.0,0.0,0.0,0.0,0.0
4826,0.0,0.0,0.0,0.0,0.0,0.0,0.0,0.0,0.0,0.0
4827,0.0,0.0,0.0,0.0,0.0,0.0,0.0,0.0,0.0,0.0
4828,0.0,0.0,0.0,681.9585,0.0,0.0,0.0,0.0,0.0,0.0
4829,773.19587628866,0.0,2130.76391752577,3711.34020618557,0.0,0.0,0.0,0.0,0.0,773.19587628866
4830,3092.78350515464,0.0,1705.60128865979,3711.34020618557,0.0,0.0,0.0,0.0,0.0,3092.78350515464
4831,3092.78350515464,0.0,4480.27128865979,3711.34020618557,0.0,0.0,0.0,0.0,0.0,3092.78350515464
4832,3092.78350515464,0.0,5294.50128865979,3711.34020618557,0.0,0.0,0.0,0.0,0.0,3092.78350515464
4833,3092.78350515464,0.0,4548.43128865979,3711.34020618557,0.0,0.0,0.0,0.0,0.0,3092.78350515464
4834,3092.78350515464,0.0,3985.13628865979,3711.34020618557,0.0,0.0,0.0,0.0,0.0,3092.78350515464
4835,3092.78350515464,0.0,3042.2662886598,3711.34020618557,0.0,0.0,0.0,0.0,0.0,3092.78350515464
4836,3092.78350515464,0.0,2511.68628865979,3711.34020618557,0.0,0.0,0.0,0.0,0.0,3092.78350515464
4837,3092.78350515464,0.0,2323.30128865979,3711.34020618557,0.0,0.0,0.0,0.0,0.0,3092.78350515464
4838,3092.78350515464,0.0,2460.01128865979,3711.34020618557,0.0,0.0,0.0,0.0,0.0,3092.78350515464
4839,3092.78350515464,0.0,2650.16628865979,3711.34020618557,0.0,0.0,0.0,0.0,0.0,3092.78350515464
4840,3092.78350515464,0.0,1348.96128865979,3711.34020618557,0.0,0.0,0.0,0.0,0.0,3092.78350515464
4841,475.02,0.0,0.0,0.0,0.0,0.0,2539.2306,0.0,0.0,3014.2506
4842,306.888,0.0,0.0,0.0,0.0,0.0,2702.31864,0.0,0.0,3009.20664
4843,0.0,0.0,0.0,0.0,0.0,0.0,3000.0,0.0,0.0,3000.0
4844,0.0,0.0,0.0,0.0,0.0,0.0,3000.0,0.0,0.0,3000.0
4845,0.0,0.0,0.0,0.0,0.0,0.0,3000.0,0.0,0.0,3000.0
4846,0.0,0.0,0.0,0.0,0.0,0.0,3000.0,0.0,0.0,3000.0
4847,0.0,0.0,0.0,0.0,0.0,0.0,0.0,0.0,0.0,0.0
4848,0.0,0.0,0.0,0.0,0.0,0.0,0.0,0.0,0.0,0.0
4849,0.0,0.0,0.0,0.0,0.0,0.0,0.0,0.0,0.0,0.0
4850,0.0,0.0,0.0,0.0,0.0,0.0,0.0,0.0,0.0,0.0
4851,0.0,0.0,0.0,0.0,0.0,0.0,0.0,0.0,0.0,0.0
4852,0.0,0.0,0.0,29.1969,0.0,0.0,0.0,0.0,0.0,0.0
4853,773.19587628866,0.0,0.0,420.77712371134,0.0,0.0,0.0,0.0,0.0,773.19587628866
4854,3092.78350515464,0.0,0.0,2803.94149484536,0.0,0.0,0.0,0.0,0.0,3092.78350515464
4855,3092.78350515464,0.0,0.0,1623.44149484536,0.0,0.0,0.0,0.0,0.0,3092.78350515464
4856,3092.78350515464,0.0,0.0,2277.83149484536,0.0,0.0,0.0,0.0,0.0,3092.78350515464
4857,3092.78350515464,0.0,3670.04628865979,3711.34020618557,0.0,0.0,0.0,0.0,0.0,3092.78350515464
4858,3092.78350515464,0.0,2957.06628865979,3711.34020618557,0.0,0.0,0.0,0.0,0.0,3092.78350515464
4859,3092.78350515464,0.0,0.0,368.196494845361,0.0,0.0,0.0,0.0,0.0,3092.78350515464
4860,3092.78350515464,0.0,0.0,1236.56149484536,0.0,0.0,0.0,0.0,0.0,3092.78350515464
4861,3092.78350515464,0.0,0.0,1726.80649484536,0.0,0.0,0.0,0.0,0.0,3092.78350515464
4862,2942.91,0.0,0.0,0.0,0.0,0.0,145.3773,0.0,0.0,3088.2873
4863,908.6925,0.0,0.0,0.0,0.0,0.0,2118.568275,0.0,0.0,3027.260775
4864,1040.718,0.0,0.0,0.0,0.0,0.0,1990.50354,0.0,0.0,3031.22154
4865,519.9165,0.0,0.0,0.0,0.0,0.0,2495.680995,0.0,0.0,3015.597495
4866,99.63345,0.0,0.0,0.0,0.0,0.0,2903.3555535,0.0,0.0,3002.9890035
4867,0.0,0.0,0.0,0.0,0.0,0.0,3000.0,0.0,0.0,3000.0
4868,0.0,0.0,0.0,0.0,0.0,0.0,3000.0,0.0,0.0,3000.0
4869,0.0,0.0,0.0,0.0,0.0,0.0,3000.0,0.0,0.0,3000.0
4870,0.0,0.0,0.0,0.0,0.0,0.0,3000.0,0.0,0.0,3000.0
4871,0.0,0.0,0.0,0.0,0.0,0.0,0.0,0.0,0.0,0.0
4872,0.0,0.0,0.0,0.0,0.0,0.0,0.0,0.0,0.0,0.0
4873,0.0,0.0,0.0,0.0,0.0,0.0,0.0,0.0,0.0,0.0
4874,0.0,0.0,0.0,0.0,0.0,0.0,0.0,0.0,0.0,0.0
4875,0.0,0.0,0.0,0.0,0.0,0.0,0.0,0.0,0.0,0.0
4876,0.0,0.0,0.0,16.88025,0.0,0.0,0.0,0.0,0.0,0.0
4877,259.887,0.0,0.0,0.0,0.0,0.0,497.90961,0.0,0.0,757.79661
4878,2061.54,0.0,0.0,0.0,0.0,0.0,1000.3062,0.0,0.0,3061.8462
4879,3092.78350515464,0.0,0.0,2779.67149484536,0.0,0.0,0.0,0.0,0.0,3092.78350515464
4880,3092.78350515464,0.0,0.0,3540.51649484536,0.0,0.0,0.0,0.0,0.0,3092.78350515464
4881,3092.78350515464,0.0,0.0,3131.69149484536,0.0,0.0,0.0,0.0,0.0,3092.78350515464
4882,3092.78350515464,0.0,0.0,2694.60649484536,0.0,0.0,0.0,0.0,0.0,3092.78350515464
4883,3092.78350515464,0.0,0.0,3164.88649484536,0.0,0.0,0.0,0.0,0.0,3092.78350515464
4884,3092.78350515464,0.0,197.336288659793,3711.34020618557,0.0,0.0,0.0,0.0,0.0,3092.78350515464
4885,3092.78350515464,0.0,643.751288659793,3711.34020618557,0.0,0.0,0.0,0.0,0.0,3092.78350515464
4886,3092.78350515464,0.0,0.0,3702.78649484536,0.0,0.0,0.0,0.0,0.0,3092.78350515464
4887,3092.78350515464,0.0,3416.11128865979,3711.34020618557,0.0,0.0,0.0,0.0,0.0,3092.78350515464
4888,3092.78350515464,0.0,0.0,1922.60149484536,0.0,0.0,0.0,0.0,0.0,3092.78350515464
4889,2980.035,0.0,0.0,0.0,0.0,0.0,109.36605,0.0,0.0,3089.40105
4890,3092.78350515464,0.0,0.0,1990.76149484536,0.0,0.0,0.0,0.0,0.0,3092.78350515464
4891,0.0,0.0,0.0,0.0,0.0,0.0,3000.0,0.0,0.0,3000.0
4892,0.0,0.0,0.0,0.0,0.0,0.0,3000.0,0.0,0.0,3000.0
4893,0.0,0.0,0.0,0.0,0.0,0.0,3000.0,0.0,0.0,3000.0
4894,0.0,0.0,0.0,0.0,0.0,0.0,3000.0,0.0,0.0,3000.0
4895,0.0,0.0,0.0,0.0,0.0,0.0,0.0,0.0,0.0,0.0
4896,0.0,0.0,0.0,0.0,0.0,0.0,0.0,0.0,0.0,0.0
4897,0.0,0.0,0.0,0.0,0.0,0.0,0.0,0.0,0.0,0.0
4898,0.0,0.0,0.0,0.0,0.0,0.0,0.0,0.0,0.0,0.0
4899,0.0,0.0,0.0,0.0,0.0,0.0,0.0,0.0,0.0,0.0
4900,0.0,0.0,0.0,2642.325,0.0,0.0,0.0,0.0,0.0,0.0
4901,773.19587628866,0.0,937.093917525772,3711.34020618557,0.0,0.0,0.0,0.0,0.0,773.19587628866
4902,3092.78350515464,0.0,22.901288659793,3711.34020618557,0.0,0.0,0.0,0.0,0.0,3092.78350515464
4903,3092.78350515464,0.0,698.411288659793,3711.34020618557,0.0,0.0,0.0,0.0,0.0,3092.78350515464
4904,3092.78350515464,0.0,2816.32128865979,3711.34020618557,0.0,0.0,0.0,0.0,0.0,3092.78350515464
4905,3092.78350515464,0.0,3486.19128865979,3711.34020618557,0.0,0.0,0.0,0.0,0.0,3092.78350515464
4906,3092.78350515464,0.0,2243.38128865979,3711.34020618557,0.0,0.0,0.0,0.0,0.0,3092.78350515464
4907,3092.78350515464,0.0,2398.57128865979,3711.34020618557,0.0,0.0,0.0,0.0,0.0,3092.78350515464
4908,3092.78350515464,0.0,2329.12128865979,3711.34020618557,0.0,0.0,0.0,0.0,0.0,3092.78350515464
4909,3092.78350515464,0.0,1673.59128865979,3711.34020618557,0.0,0.0,0.0,0.0,0.0,3092.78350515464
4910,3092.78350515464,0.0,2586.70128865979,3711.34020618557,0.0,0.0,0.0,0.0,0.0,3092.78350515464
4911,3092.78350515464,0.0,3202.51128865979,3711.34020618557,0.0,0.0,0.0,0.0,0.0,3092.78350515464
4912,3092.78350515464,0.0,2557.61628865979,3711.34020618557,0.0,0.0,0.0,0.0,0.0,3092.78350515464
4913,3092.78350515464,0.0,0.0,2601.32149484536,0.0,0.0,0.0,0.0,0.0,3092.78350515464
4914,3092.78350515464,0.0,0.0,1368.74149484536,0.0,0.0,0.0,0.0,0.0,3092.78350515464
4915,0.0,0.0,0.0,0.0,0.0,0.0,3000.0,0.0,0.0,3000.0
4916,0.0,0.0,0.0,0.0,0.0,0.0,3000.0,0.0,0.0,3000.0
4917,0.0,0.0,0.0,0.0,0.0,0.0,3000.0,0.0,0.0,3000.0
4918,0.0,0.0,0.0,0.0,0.0,0.0,3000.0,0.0,0.0,3000.0
4919,0.0,0.0,0.0,0.0,0.0,0.0,0.0,0.0,0.0,0.0
4920,0.0,0.0,0.0,0.0,0.0,0.0,0.0,0.0,0.0,0.0
4921,0.0,0.0,0.0,0.0,0.0,0.0,0.0,0.0,0.0,0.0
4922,0.0,0.0,0.0,0.0,0.0,0.0,0.0,0.0,0.0,0.0
4923,0.0,0.0,0.0,0.0,0.0,0.0,0.0,0.0,0.0,0.0
4924,0.0,0.0,0.0,112.99425,0.0,0.0,0.0,0.0,0.0,0.0
4925,773.19587628866,0.0,-1.13686837721616e-13,3519.29412371134,0.0,0.0,0.0,0.0,0.0,773.19587628866
4926,3092.78350515464,0.0,0.0,3260.64649484536,0.0,0.0,0.0,0.0,0.0,3092.78350515464
4927,3092.78350515464,0.0,3126.28128865979,3711.34020618557,0.0,0.0,0.0,0.0,0.0,3092.78350515464
4928,3092.78350515464,0.0,3340.52628865979,3711.34020618557,0.0,0.0,0.0,0.0,0.0,3092.78350515464
4929,3092.78350515464,0.0,4386.95628865979,3711.34020618557,0.0,0.0,0.0,0.0,0.0,3092.78350515464
4930,3092.78350515464,0.0,3714.10128865979,3711.34020618557,0.0,0.0,0.0,0.0,0.0,3092.78350515464
4931,3092.78350515464,0.0,2127.34128865979,3711.34020618557,0.0,0.0,0.0,0.0,0.0,3092.78350515464
4932,3092.78350515464,0.0,1609.46628865979,3711.34020618557,0.0,0.0,0.0,0.0,0.0,3092.78350515464
4933,3092.78350515464,0.0,592.706288659792,3711.34020618557,0.0,0.0,0.0,0.0,0.0,3092.78350515464
4934,3092.78350515464,0.0,0.0,2720.36149484536,0.0,0.0,0.0,0.0,0.0,3092.78350515464
4935,3092.78350515464,0.0,0.0,1442.64649484536,0.0,0.0,0.0,0.0,0.0,3092.78350515464
4936,1401.6945,0.0,0.0,0.0,0.0,0.0,1640.356335,0.0,0.0,3042.050835
4937,356.007,0.0,0.0,0.0,0.0,0.0,2654.67321,0.0,0.0,3010.68021
4938,59.3496,0.0,0.0,0.0,0.0,0.0,2942.430888,0.0,0.0,3001.780488
4939,0.0,0.0,0.0,0.0,0.0,0.0,3000.0,0.0,0.0,3000.0
4940,0.0,0.0,0.0,0.0,0.0,0.0,3000.0,0.0,0.0,3000.0
4941,0.0,0.0,0.0,0.0,0.0,0.0,3000.0,0.0,0.0,3000.0
4942,0.0,0.0,0.0,0.0,0.0,0.0,3000.0,0.0,0.0,3000.0
4943,0.0,0.0,0.0,0.0,0.0,0.0,0.0,0.0,0.0,0.0
4944,0.0,0.0,0.0,0.0,0.0,0.0,0.0,0.0,0.0,0.0
4945,0.0,0.0,0.0,0.0,0.0,0.0,0.0,0.0,0.0,0.0
4946,0.0,0.0,0.0,0.0,0.0,0.0,0.0,0.0,0.0,0.0
4947,0.0,0.0,0.0,0.0,0.0,0.0,0.0,0.0,0.0,0.0
4948,0.0,0.0,0.0,11.092275,0.0,0.0,0.0,0.0,0.0,0.0
4949,730.683,0.0,0.0,0.0,0.0,0.0,41.23749,0.0,0.0,771.92049
4950,3092.78350515464,0.0,0.0,1110.96649484536,0.0,0.0,0.0,0.0,0.0,3092.78350515464
4951,3092.78350515464,0.0,0.0,1760.25649484536,0.0,0.0,0.0,0.0,0.0,3092.78350515464
4952,3092.78350515464,0.0,2137.70628865979,3711.34020618557,0.0,0.0,0.0,0.0,0.0,3092.78350515464
4953,3092.78350515464,0.0,1930.01628865979,3711.34020618557,0.0,0.0,0.0,0.0,0.0,3092.78350515464
4954,3092.78350515464,0.0,0.0,3642.62149484536,0.0,0.0,0.0,0.0,0.0,3092.78350515464
4955,3092.78350515464,0.0,0.0,1118.76649484536,0.0,0.0,0.0,0.0,0.0,3092.78350515464
4956,3092.78350515464,0.0,0.0,1065.42649484536,0.0,0.0,0.0,0.0,0.0,3092.78350515464
4957,3092.78350515464,0.0,0.0,416.28649484536,0.0,0.0,0.0,0.0,0.0,3092.78350515464
4958,1612.47,0.0,0.0,0.0,0.0,0.0,1435.9041,0.0,0.0,3048.3741
4959,3092.78350515464,0.0,0.0,619.716494845361,0.0,0.0,0.0,0.0,0.0,3092.78350515464
4960,2758.095,0.0,0.0,0.0,0.0,0.0,324.64785,0.0,0.0,3082.7428499999996
4961,2503.29,0.0,0.0,0.0,0.0,0.0,571.8087,0.0,0.0,3075.0987
4962,242.883,0.0,0.0,0.0,0.0,0.0,2764.40349,0.0,0.0,3007.28649
4963,0.0,0.0,0.0,0.0,0.0,0.0,3000.0,0.0,0.0,3000.0
4964,0.0,0.0,0.0,0.0,0.0,0.0,3000.0,0.0,0.0,3000.0
4965,0.0,0.0,0.0,0.0,0.0,0.0,3000.0,0.0,0.0,3000.0
4966,0.0,0.0,0.0,0.0,0.0,0.0,3000.0,0.0,0.0,3000.0
4967,0.0,0.0,0.0,0.0,0.0,0.0,0.0,0.0,0.0,0.0
4968,0.0,0.0,0.0,0.0,0.0,0.0,0.0,0.0,0.0,0.0
4969,0.0,0.0,0.0,0.0,0.0,0.0,0.0,0.0,0.0,0.0
4970,0.0,0.0,0.0,0.0,0.0,0.0,0.0,0.0,0.0,0.0
4971,0.0,0.0,0.0,0.0,0.0,0.0,0.0,0.0,0.0,0.0
4972,0.0,0.0,0.0,11.37558,0.0,0.0,0.0,0.0,0.0,0.0
4973,492.975,0.0,0.0,0.0,0.0,0.0,271.81425,0.0,0.0,764.78925
4974,284.499,0.0,0.0,0.0,0.0,0.0,2724.03597,0.0,0.0,3008.5349699999997
4975,963.3105,0.0,0.0,0.0,0.0,0.0,2065.588815,0.0,0.0,3028.899315
4976,1220.316,0.0,0.0,0.0,0.0,0.0,1816.29348,0.0,0.0,3036.60948
4977,1768.62,0.0,0.0,0.0,0.0,0.0,1284.4386,0.0,0.0,3053.0586
4978,3092.78350515464,0.0,0.0,196.401494845361,0.0,0.0,0.0,0.0,0.0,3092.78350515464
4979,2439.585,0.0,0.0,0.0,0.0,0.0,633.60255,0.0,0.0,3073.18755
4980,2000.22,0.0,0.0,0.0,0.0,0.0,1059.7866,0.0,0.0,3060.0065999999997
4981,3092.78350515464,0.0,0.0,1505.97649484536,0.0,0.0,0.0,0.0,0.0,3092.78350515464
4982,3092.78350515464,0.0,0.0,3504.63649484536,0.0,0.0,0.0,0.0,0.0,3092.78350515464
4983,3092.78350515464,0.0,1014.44628865979,3711.34020618557,0.0,0.0,0.0,0.0,0.0,3092.78350515464
4984,3092.78350515464,0.0,2149.64628865979,3711.34020618557,0.0,0.0,0.0,0.0,0.0,3092.78350515464
4985,3092.78350515464,0.0,479.921288659793,3711.34020618557,0.0,0.0,0.0,0.0,0.0,3092.78350515464
4986,3092.78350515464,0.0,0.0,1058.55649484536,0.0,0.0,0.0,0.0,0.0,3092.78350515464
4987,0.0,0.0,0.0,0.0,0.0,0.0,3000.0,0.0,0.0,3000.0
4988,0.0,0.0,0.0,0.0,0.0,0.0,3000.0,0.0,0.0,3000.0
4989,0.0,0.0,0.0,0.0,0.0,0.0,3000.0,0.0,0.0,3000.0
4990,0.0,0.0,0.0,0.0,0.0,0.0,3000.0,0.0,0.0,3000.0
4991,0.0,0.0,0.0,0.0,0.0,0.0,0.0,0.0,0.0,0.0
4992,0.0,0.0,0.0,0.0,0.0,0.0,0.0,0.0,0.0,0.0
4993,0.0,0.0,0.0,0.0,0.0,0.0,0.0,0.0,0.0,0.0
4994,0.0,0.0,0.0,0.0,0.0,0.0,0.0,0.0,0.0,0.0
4995,0.0,0.0,0.0,0.0,0.0,0.0,0.0,0.0,0.0,0.0
4996,0.0,0.0,0.0,126.252,0.0,0.0,0.0,0.0,0.0,0.0
4997,773.19587628866,0.0,2470.72391752577,3711.34020618557,0.0,0.0,0.0,0.0,0.0,773.19587628866
4998,3092.78350515464,0.0,0.0,1791.14149484536,0.0,0.0,0.0,0.0,0.0,3092.78350515464
4999,3092.78350515464,0.0,0.0,2441.52649484536,0.0,0.0,0.0,0.0,0.0,3092.78350515464
5000,3092.78350515464,0.0,4321.45128865979,3711.34020618557,0.0,0.0,0.0,0.0,0.0,3092.78350515464
5001,3092.78350515464,0.0,4777.99128865979,3711.34020618557,0.0,0.0,0.0,0.0,0.0,3092.78350515464
5002,3092.78350515464,0.0,0.0,3557.10649484536,0.0,0.0,0.0,0.0,0.0,3092.78350515464
5003,3092.78350515464,0.0,2471.44128865979,3711.34020618557,0.0,0.0,0.0,0.0,0.0,3092.78350515464
5004,3092.78350515464,0.0,2394.29628865979,3711.34020618557,0.0,0.0,0.0,0.0,0.0,3092.78350515464
5005,3092.78350515464,0.0,1860.88128865979,3711.34020618557,0.0,0.0,0.0,0.0,0.0,3092.78350515464
5006,3092.78350515464,0.0,0.0,2027.64649484536,0.0,0.0,0.0,0.0,0.0,3092.78350515464
5007,3092.78350515464,0.0,0.0,3384.12649484536,0.0,0.0,0.0,0.0,0.0,3092.78350515464
5008,3092.78350515464,0.0,2938.27128865979,3711.34020618557,0.0,0.0,0.0,0.0,0.0,3092.78350515464
5009,3092.78350515464,0.0,266.696288659794,3711.34020618557,0.0,0.0,0.0,0.0,0.0,3092.78350515464
5010,3092.78350515464,0.0,0.0,574.76149484536,0.0,0.0,0.0,0.0,0.0,3092.78350515464
5011,0.0,0.0,0.0,0.0,0.0,0.0,3000.0,0.0,0.0,3000.0
5012,0.0,0.0,0.0,0.0,0.0,0.0,3000.0,0.0,0.0,3000.0
5013,0.0,0.0,0.0,0.0,0.0,0.0,3000.0,0.0,0.0,3000.0
5014,0.0,0.0,0.0,0.0,0.0,0.0,3000.0,0.0,0.0,3000.0
5015,0.0,0.0,0.0,0.0,0.0,0.0,0.0,0.0,0.0,0.0
5016,0.0,0.0,0.0,0.0,0.0,0.0,0.0,0.0,0.0,0.0
5017,0.0,0.0,0.0,0.0,0.0,0.0,0.0,0.0,0.0,0.0
5018,0.0,0.0,0.0,0.0,0.0,0.0,0.0,0.0,0.0,0.0
5019,0.0,0.0,0.0,0.0,0.0,0.0,0.0,0.0,0.0,0.0
5020,0.0,0.0,0.0,11.4456,0.0,0.0,0.0,0.0,0.0,0.0
5021,546.5055,0.0,0.0,0.0,0.0,0.0,219.889665,0.0,0.0,766.395165
5022,3092.78350515464,0.0,0.0,1417.31149484536,0.0,0.0,0.0,0.0,0.0,3092.78350515464
5023,1504.905,0.0,0.0,0.0,0.0,0.0,1540.24215,0.0,0.0,3045.14715
5024,2208.915,0.0,0.0,0.0,0.0,0.0,857.35245,0.0,0.0,3066.26745
5025,3092.78350515464,0.0,1593.35628865979,3711.34020618557,0.0,0.0,0.0,0.0,0.0,3092.78350515464
5026,3092.78350515464,0.0,2561.39628865979,3711.34020618557,0.0,0.0,0.0,0.0,0.0,3092.78350515464
5027,3092.78350515464,0.0,1509.44628865979,3711.34020618557,0.0,0.0,0.0,0.0,0.0,3092.78350515464
5028,3092.78350515464,0.0,0.0,2463.33649484536,0.0,0.0,0.0,0.0,0.0,3092.78350515464
5029,1665.66,0.0,0.0,0.0,0.0,0.0,1384.3098,0.0,0.0,3049.9698
5030,3092.78350515464,0.0,0.0,1643.34649484536,0.0,0.0,0.0,0.0,0.0,3092.78350515464
5031,3092.78350515464,0.0,0.0,2210.61649484536,0.0,0.0,0.0,0.0,0.0,3092.78350515464
5032,406.056,0.0,0.0,0.0,0.0,0.0,2606.12568,0.0,0.0,3012.18168
5033,293.739,0.0,0.0,0.0,0.0,0.0,2715.07317,0.0,0.0,3008.81217
5034,200.718,0.0,0.0,0.0,0.0,0.0,2805.30354,0.0,0.0,3006.0215399999997
5035,0.0,0.0,0.0,0.0,0.0,0.0,3000.0,0.0,0.0,3000.0
5036,0.0,0.0,0.0,0.0,0.0,0.0,3000.0,0.0,0.0,3000.0
5037,0.0,0.0,0.0,0.0,0.0,0.0,3000.0,0.0,0.0,3000.0
5038,0.0,0.0,0.0,0.0,0.0,0.0,3000.0,0.0,0.0,3000.0
5039,0.0,0.0,0.0,0.0,0.0,0.0,0.0,0.0,0.0,0.0
5040,0.0,0.0,0.0,0.0,0.0,0.0,0.0,0.0,0.0,0.0
5041,0.0,0.0,0.0,0.0,0.0,0.0,0.0,0.0,0.0,0.0
5042,0.0,0.0,0.0,0.0,0.0,0.0,0.0,0.0,0.0,0.0
5043,0.0,0.0,0.0,0.0,0.0,0.0,0.0,0.0,0.0,0.0
5044,0.0,0.0,0.0,2393.325,0.0,0.0,0.0,0.0,0.0,0.0
5045,773.19587628866,0.0,2441.08391752577,3711.34020618557,0.0,0.0,0.0,0.0,0.0,773.19587628866
5046,3092.78350515464,0.0,2798.59128865979,3711.34020618557,0.0,0.0,0.0,0.0,0.0,3092.78350515464
5047,3092.78350515464,0.0,4022.44128865979,3711.34020618557,0.0,0.0,0.0,0.0,0.0,3092.78350515464
5048,3092.78350515464,0.0,4796.42628865979,3711.34020618557,0.0,0.0,0.0,0.0,0.0,3092.78350515464
5049,3092.78350515464,0.0,3822.47628865979,3711.34020618557,0.0,0.0,0.0,0.0,0.0,3092.78350515464
5050,3092.78350515464,0.0,2446.69128865979,3711.34020618557,0.0,0.0,0.0,0.0,0.0,3092.78350515464
5051,3092.78350515464,0.0,2086.88628865979,3711.34020618557,0.0,0.0,0.0,0.0,0.0,3092.78350515464
5052,2962.065,0.0,0.0,0.0,0.0,0.0,126.79695,0.0,0.0,3088.86195
5053,3092.78350515464,0.0,0.0,3089.13649484536,0.0,0.0,0.0,0.0,0.0,3092.78350515464
5054,3092.78350515464,0.0,1252.34628865979,3711.34020618557,0.0,0.0,0.0,0.0,0.0,3092.78350515464
5055,3092.78350515464,0.0,0.0,1088.90149484536,0.0,0.0,0.0,0.0,0.0,3092.78350515464
5056,3092.78350515464,0.0,0.0,719.01649484536,0.0,0.0,0.0,0.0,0.0,3092.78350515464
5057,299.688,0.0,0.0,0.0,0.0,0.0,2709.30264,0.0,0.0,3008.99064
5058,110.77425,0.0,0.0,0.0,0.0,0.0,2892.5489775,0.0,0.0,3003.3232275
5059,0.0,0.0,0.0,0.0,0.0,0.0,3000.0,0.0,0.0,3000.0
5060,0.0,0.0,0.0,0.0,0.0,0.0,3000.0,0.0,0.0,3000.0
5061,0.0,0.0,0.0,0.0,0.0,0.0,3000.0,0.0,0.0,3000.0
5062,0.0,0.0,0.0,0.0,0.0,0.0,3000.0,0.0,0.0,3000.0
5063,0.0,0.0,0.0,0.0,0.0,0.0,0.0,0.0,0.0,0.0
5064,0.0,0.0,0.0,0.0,0.0,0.0,0.0,0.0,0.0,0.0
5065,0.0,0.0,0.0,0.0,0.0,0.0,0.0,0.0,0.0,0.0
5066,0.0,0.0,0.0,0.0,0.0,0.0,0.0,0.0,0.0,0.0
5067,0.0,0.0,0.0,0.0,0.0,0.0,0.0,0.0,0.0,0.0
5068,0.0,0.0,0.0,172.5795,0.0,0.0,0.0,0.0,0.0,0.0
5069,773.19587628866,0.0,1.13686837721616e-13,1222.10412371134,0.0,0.0,0.0,0.0,0.0,773.19587628866
5070,3092.78350515464,0.0,0.0,2045.43649484536,0.0,0.0,0.0,0.0,0.0,3092.78350515464
5071,3092.78350515464,0.0,0.0,1762.92649484536,0.0,0.0,0.0,0.0,0.0,3092.78350515464
5072,3092.78350515464,0.0,20.5762886597931,3711.34020618557,0.0,0.0,0.0,0.0,0.0,3092.78350515464
5073,3092.78350515464,0.0,112.961288659793,3711.34020618557,0.0,0.0,0.0,0.0,0.0,3092.78350515464
5074,3092.78350515464,0.0,0.0,2292.35149484536,0.0,0.0,0.0,0.0,0.0,3092.78350515464
5075,3092.78350515464,0.0,0.0,3538.28149484536,0.0,0.0,0.0,0.0,0.0,3092.78350515464
5076,3092.78350515464,0.0,544.856288659793,3711.34020618557,0.0,0.0,0.0,0.0,0.0,3092.78350515464
5077,3092.78350515464,0.0,0.0,3017.33149484536,0.0,0.0,0.0,0.0,0.0,3092.78350515464
5078,3092.78350515464,0.0,2024.39628865979,3711.34020618557,0.0,0.0,0.0,0.0,0.0,3092.78350515464
5079,3092.78350515464,0.0,2256.79128865979,3711.34020618557,0.0,0.0,0.0,0.0,0.0,3092.78350515464
5080,3092.78350515464,0.0,1147.97628865979,3711.34020618557,0.0,0.0,0.0,0.0,0.0,3092.78350515464
5081,3092.78350515464,0.0,0.0,2495.58649484536,0.0,0.0,0.0,0.0,0.0,3092.78350515464
5082,2665.71,0.0,0.0,0.0,0.0,0.0,414.2613,0.0,0.0,3079.9713
5083,0.0,0.0,0.0,0.0,0.0,0.0,3000.0,0.0,0.0,3000.0
5084,0.0,0.0,0.0,0.0,0.0,0.0,3000.0,0.0,0.0,3000.0
5085,0.0,0.0,0.0,0.0,0.0,0.0,3000.0,0.0,0.0,3000.0
5086,0.0,0.0,0.0,0.0,0.0,0.0,3000.0,0.0,0.0,3000.0
5087,0.0,0.0,0.0,0.0,0.0,0.0,0.0,0.0,0.0,0.0
5088,0.0,0.0,0.0,0.0,0.0,0.0,0.0,0.0,0.0,0.0
5089,0.0,0.0,0.0,0.0,0.0,0.0,0.0,0.0,0.0,0.0
5090,0.0,0.0,0.0,0.0,0.0,0.0,0.0,0.0,0.0,0.0
5091,0.0,0.0,0.0,0.0,0.0,0.0,0.0,0.0,0.0,0.0
5092,0.0,0.0,0.0,0.0,0.0,0.0,0.0,0.0,0.0,0.0
5093,411.8595,0.0,0.0,0.0,0.0,0.0,350.496285,0.0,0.0,762.355785
5094,1174.566,0.0,0.0,0.0,0.0,0.0,1860.67098,0.0,0.0,3035.23698
5095,2691.54,0.0,0.0,0.0,0.0,0.0,389.206200000001,0.0,0.0,3080.746200000001
5096,3092.78350515464,0.0,0.0,0.441494845360467,0.0,0.0,0.0,0.0,0.0,3092.78350515464
5097,3092.78350515464,0.0,0.0,395.63149484536,0.0,0.0,0.0,0.0,0.0,3092.78350515464
5098,3092.78350515464,0.0,0.0,624.63649484536,0.0,0.0,0.0,0.0,0.0,3092.78350515464
5099,3092.78350515464,0.0,764.306288659793,3711.34020618557,0.0,0.0,0.0,0.0,0.0,3092.78350515464
5100,3092.78350515464,0.0,2345.02128865979,3711.34020618557,0.0,0.0,0.0,0.0,0.0,3092.78350515464
5101,3092.78350515464,0.0,1607.50128865979,3711.34020618557,0.0,0.0,0.0,0.0,0.0,3092.78350515464
5102,3092.78350515464,0.0,2114.84628865979,3711.34020618557,0.0,0.0,0.0,0.0,0.0,3092.78350515464
5103,3092.78350515464,0.0,3441.74628865979,3711.34020618557,0.0,0.0,0.0,0.0,0.0,3092.78350515464
5104,3092.78350515464,0.0,0.0,945.351494845361,0.0,0.0,0.0,0.0,0.0,3092.78350515464
5105,1150.686,0.0,0.0,0.0,0.0,0.0,1883.83458,0.0,0.0,3034.52058
5106,2559.945,0.0,0.0,0.0,0.0,0.0,516.85335,0.0,0.0,3076.79835
5107,0.0,0.0,0.0,0.0,0.0,0.0,3000.0,0.0,0.0,3000.0
5108,0.0,0.0,0.0,0.0,0.0,0.0,3000.0,0.0,0.0,3000.0
5109,0.0,0.0,0.0,0.0,0.0,0.0,3000.0,0.0,0.0,3000.0
5110,0.0,0.0,0.0,0.0,0.0,0.0,3000.0,0.0,0.0,3000.0
5111,0.0,0.0,0.0,0.0,0.0,0.0,0.0,0.0,0.0,0.0
5112,0.0,0.0,0.0,0.0,0.0,0.0,0.0,0.0,0.0,0.0
5113,0.0,0.0,0.0,0.0,0.0,0.0,0.0,0.0,0.0,0.0
5114,0.0,0.0,0.0,0.0,0.0,0.0,0.0,0.0,0.0,0.0
5115,0.0,0.0,0.0,0.0,0.0,0.0,0.0,0.0,0.0,0.0
5116,0.0,0.0,0.0,29.9061,0.0,0.0,0.0,0.0,0.0,0.0
5117,345.366,0.0,0.0,0.0,0.0,0.0,414.99498,0.0,0.0,760.3609799999999
5118,0.0,0.0,0.0,0.0,0.0,0.0,3000.0,0.0,0.0,3000.0
5119,3092.78350515464,0.0,3796.33128865979,3711.34020618557,0.0,0.0,0.0,0.0,0.0,3092.78350515464
5120,3092.78350515464,0.0,3235.60128865979,3711.34020618557,0.0,0.0,0.0,0.0,0.0,3092.78350515464
5121,3092.78350515464,0.0,2739.28128865979,3711.34020618557,0.0,0.0,0.0,0.0,0.0,3092.78350515464
5122,3092.78350515464,0.0,2871.89628865979,3711.34020618557,0.0,0.0,0.0,0.0,0.0,3092.78350515464
5123,3092.78350515464,0.0,2671.84128865979,3711.34020618557,0.0,0.0,0.0,0.0,0.0,3092.78350515464
5124,3092.78350515464,0.0,2230.73628865979,3711.34020618557,0.0,0.0,0.0,0.0,0.0,3092.78350515464
5125,3092.78350515464,0.0,2353.19628865979,3711.34020618557,0.0,0.0,0.0,0.0,0.0,3092.78350515464
5126,3092.78350515464,0.0,2512.85628865979,3711.34020618557,0.0,0.0,0.0,0.0,0.0,3092.78350515464
5127,3092.78350515464,0.0,3247.69128865979,3711.34020618557,0.0,0.0,0.0,0.0,0.0,3092.78350515464
5128,3092.78350515464,0.0,2762.56128865979,3711.34020618557,0.0,0.0,0.0,0.0,0.0,3092.78350515464
5129,3092.78350515464,0.0,1317.11628865979,3711.34020618557,0.0,0.0,0.0,0.0,0.0,3092.78350515464
5130,3092.78350515464,0.0,0.0,910.91149484536,0.0,0.0,0.0,0.0,0.0,3092.78350515464
5131,0.0,0.0,0.0,0.0,0.0,0.0,3000.0,0.0,0.0,3000.0
5132,0.0,0.0,0.0,0.0,0.0,0.0,3000.0,0.0,0.0,3000.0
5133,0.0,0.0,0.0,0.0,0.0,0.0,3000.0,0.0,0.0,3000.0
5134,0.0,0.0,0.0,0.0,0.0,0.0,3000.0,0.0,0.0,3000.0
5135,0.0,0.0,0.0,0.0,0.0,0.0,0.0,0.0,0.0,0.0
5136,0.0,0.0,0.0,0.0,0.0,0.0,0.0,0.0,0.0,0.0
5137,0.0,0.0,0.0,0.0,0.0,0.0,0.0,0.0,0.0,0.0
5138,0.0,0.0,0.0,0.0,0.0,0.0,0.0,0.0,0.0,0.0
5139,0.0,0.0,0.0,0.0,0.0,0.0,0.0,0.0,0.0,0.0
5140,0.0,0.0,0.0,113.18325,0.0,0.0,0.0,0.0,0.0,0.0
5141,773.19587628866,0.0,1.13686837721616e-13,1102.85412371134,0.0,0.0,0.0,0.0,0.0,773.19587628866
5142,3092.78350515464,0.0,0.0,3020.01649484536,0.0,0.0,0.0,0.0,0.0,3092.78350515464
5143,3092.78350515464,0.0,280.646288659794,3711.34020618557,0.0,0.0,0.0,0.0,0.0,3092.78350515464
5144,3092.78350515464,0.0,2953.10628865979,3711.34020618557,0.0,0.0,0.0,0.0,0.0,3092.78350515464
5145,3092.78350515464,0.0,2792.80128865979,3711.34020618557,0.0,0.0,0.0,0.0,0.0,3092.78350515464
5146,3092.78350515464,0.0,758.471288659794,3711.34020618557,0.0,0.0,0.0,0.0,0.0,3092.78350515464
5147,3092.78350515464,0.0,528.506288659793,3711.34020618557,0.0,0.0,0.0,0.0,0.0,3092.78350515464
5148,3092.78350515464,0.0,129.161288659793,3711.34020618557,0.0,0.0,0.0,0.0,0.0,3092.78350515464
5149,3092.78350515464,0.0,700.631288659793,3711.34020618557,0.0,0.0,0.0,0.0,0.0,3092.78350515464
5150,3092.78350515464,0.0,0.0,2425.11649484536,0.0,0.0,0.0,0.0,0.0,3092.78350515464
5151,3092.78350515464,0.0,0.0,3302.00149484536,0.0,0.0,0.0,0.0,0.0,3092.78350515464
5152,3092.78350515464,0.0,956.576288659793,3711.34020618557,0.0,0.0,0.0,0.0,0.0,3092.78350515464
5153,3092.78350515464,0.0,0.0,1931.70649484536,0.0,0.0,0.0,0.0,0.0,3092.78350515464
5154,2372.61,0.0,0.0,0.0,0.0,0.0,698.5683,0.0,0.0,3071.1783
5155,0.0,0.0,0.0,0.0,0.0,0.0,3000.0,0.0,0.0,3000.0
5156,0.0,0.0,0.0,0.0,0.0,0.0,3000.0,0.0,0.0,3000.0
5157,0.0,0.0,0.0,0.0,0.0,0.0,3000.0,0.0,0.0,3000.0
5158,0.0,0.0,0.0,0.0,0.0,0.0,3000.0,0.0,0.0,3000.0
5159,0.0,0.0,0.0,0.0,0.0,0.0,0.0,0.0,0.0,0.0
5160,0.0,0.0,0.0,0.0,0.0,0.0,0.0,0.0,0.0,0.0
5161,0.0,0.0,0.0,0.0,0.0,0.0,0.0,0.0,0.0,0.0
5162,0.0,0.0,0.0,0.0,0.0,0.0,0.0,0.0,0.0,0.0
5163,0.0,0.0,0.0,0.0,0.0,0.0,0.0,0.0,0.0,0.0
5164,0.0,0.0,0.0,0.0,0.0,0.0,0.0,0.0,0.0,0.0
5165,773.19587628866,0.0,-1.13686837721616e-13,1379.93412371134,0.0,0.0,0.0,0.0,0.0,773.19587628866
5166,3092.78350515464,0.0,0.0,2608.79149484536,0.0,0.0,0.0,0.0,0.0,3092.78350515464
5167,3092.78350515464,0.0,3416.36628865979,3711.34020618557,0.0,0.0,0.0,0.0,0.0,3092.78350515464
5168,3092.78350515464,0.0,4317.3712886598,3711.34020618557,0.0,0.0,0.0,0.0,0.0,3092.78350515464
5169,3092.78350515464,0.0,4112.72628865979,3711.34020618557,0.0,0.0,0.0,0.0,0.0,3092.78350515464
5170,3092.78350515464,0.0,3468.65628865979,3711.34020618557,0.0,0.0,0.0,0.0,0.0,3092.78350515464
5171,3092.78350515464,0.0,2688.58128865979,3711.34020618557,0.0,0.0,0.0,0.0,0.0,3092.78350515464
5172,3092.78350515464,0.0,2170.60128865979,3711.34020618557,0.0,0.0,0.0,0.0,0.0,3092.78350515464
5173,3092.78350515464,0.0,2495.42628865979,3711.34020618557,0.0,0.0,0.0,0.0,0.0,3092.78350515464
5174,3092.78350515464,0.0,2963.72628865979,3711.34020618557,0.0,0.0,0.0,0.0,0.0,3092.78350515464
5175,3092.78350515464,0.0,3048.91128865979,3711.34020618557,0.0,0.0,0.0,0.0,0.0,3092.78350515464
5176,3092.78350515464,0.0,2453.45628865979,3711.34020618557,0.0,0.0,0.0,0.0,0.0,3092.78350515464
5177,3092.78350515464,0.0,240.356288659793,3711.34020618557,0.0,0.0,0.0,0.0,0.0,3092.78350515464
5178,3092.78350515464,0.0,0.0,931.38649484536,0.0,0.0,0.0,0.0,0.0,3092.78350515464
5179,0.0,0.0,0.0,0.0,0.0,0.0,3000.0,0.0,0.0,3000.0
5180,0.0,0.0,0.0,0.0,0.0,0.0,3000.0,0.0,0.0,3000.0
5181,0.0,0.0,0.0,0.0,0.0,0.0,3000.0,0.0,0.0,3000.0
5182,0.0,0.0,0.0,0.0,0.0,0.0,3000.0,0.0,0.0,3000.0
5183,0.0,0.0,0.0,0.0,0.0,0.0,0.0,0.0,0.0,0.0
5184,0.0,0.0,0.0,0.0,0.0,0.0,0.0,0.0,0.0,0.0
5185,0.0,0.0,0.0,0.0,0.0,0.0,0.0,0.0,0.0,0.0
5186,0.0,0.0,0.0,0.0,0.0,0.0,0.0,0.0,0.0,0.0
5187,0.0,0.0,0.0,0.0,0.0,0.0,0.0,0.0,0.0,0.0
5188,0.0,0.0,0.0,1585.545,0.0,0.0,0.0,0.0,0.0,0.0
5189,773.19587628866,0.0,2022.17891752577,3711.34020618557,0.0,0.0,0.0,0.0,0.0,773.19587628866
5190,3092.78350515464,0.0,2083.75128865979,3711.34020618557,0.0,0.0,0.0,0.0,0.0,3092.78350515464
5191,3092.78350515464,0.0,3524.60628865979,3711.34020618557,0.0,0.0,0.0,0.0,0.0,3092.78350515464
5192,3092.78350515464,0.0,4076.8912886598,3711.34020618557,0.0,0.0,0.0,0.0,0.0,3092.78350515464
5193,3092.78350515464,0.0,4045.96128865979,3711.34020618557,0.0,0.0,0.0,0.0,0.0,3092.78350515464
5194,3092.78350515464,0.0,3104.60628865979,3711.34020618557,0.0,0.0,0.0,0.0,0.0,3092.78350515464
5195,3092.78350515464,0.0,2545.34628865979,3711.34020618557,0.0,0.0,0.0,0.0,0.0,3092.78350515464
5196,3092.78350515464,0.0,2042.45628865979,3711.34020618557,0.0,0.0,0.0,0.0,0.0,3092.78350515464
5197,3092.78350515464,0.0,2299.39128865979,3711.34020618557,0.0,0.0,0.0,0.0,0.0,3092.78350515464
5198,3092.78350515464,0.0,2694.85128865979,3711.34020618557,0.0,0.0,0.0,0.0,0.0,3092.78350515464
5199,3092.78350515464,0.0,2835.35628865979,3711.34020618557,0.0,0.0,0.0,0.0,0.0,3092.78350515464
5200,3092.78350515464,0.0,2265.08628865979,3711.34020618557,0.0,0.0,0.0,0.0,0.0,3092.78350515464
5201,3092.78350515464,0.0,0.0,3609.59149484536,0.0,0.0,0.0,0.0,0.0,3092.78350515464
5202,3092.78350515464,0.0,0.0,770.21149484536,0.0,0.0,0.0,0.0,0.0,3092.78350515464
5203,0.0,0.0,0.0,0.0,0.0,0.0,3000.0,0.0,0.0,3000.0
5204,0.0,0.0,0.0,0.0,0.0,0.0,3000.0,0.0,0.0,3000.0
5205,0.0,0.0,0.0,0.0,0.0,0.0,3000.0,0.0,0.0,3000.0
5206,0.0,0.0,0.0,0.0,0.0,0.0,3000.0,0.0,0.0,3000.0
5207,0.0,0.0,0.0,0.0,0.0,0.0,0.0,0.0,0.0,0.0
5208,0.0,0.0,0.0,0.0,0.0,0.0,0.0,0.0,0.0,0.0
5209,0.0,0.0,0.0,0.0,0.0,0.0,0.0,0.0,0.0,0.0
5210,0.0,0.0,0.0,0.0,0.0,0.0,0.0,0.0,0.0,0.0
5211,0.0,0.0,0.0,0.0,0.0,0.0,0.0,0.0,0.0,0.0
5212,0.0,0.0,0.0,1370.4345,0.0,0.0,0.0,0.0,0.0,0.0
5213,773.19587628866,0.0,913.678917525772,3711.34020618557,0.0,0.0,0.0,0.0,0.0,773.19587628866
5214,3092.78350515464,0.0,2082.34128865979,3711.34020618557,0.0,0.0,0.0,0.0,0.0,3092.78350515464
5215,3092.78350515464,0.0,3705.85128865979,3711.34020618557,0.0,0.0,0.0,0.0,0.0,3092.78350515464
5216,3092.78350515464,0.0,4521.65628865979,3711.34020618557,0.0,0.0,0.0,0.0,0.0,3092.78350515464
5217,3092.78350515464,0.0,4331.68128865979,3711.34020618557,0.0,0.0,0.0,0.0,0.0,3092.78350515464
5218,3092.78350515464,0.0,3586.99128865979,3711.34020618557,0.0,0.0,0.0,0.0,0.0,3092.78350515464
5219,3092.78350515464,0.0,2766.19128865979,3711.34020618557,0.0,0.0,0.0,0.0,0.0,3092.78350515464
5220,3092.78350515464,0.0,2209.87128865979,3711.34020618557,0.0,0.0,0.0,0.0,0.0,3092.78350515464
5221,3092.78350515464,0.0,2474.15628865979,3711.34020618557,0.0,0.0,0.0,0.0,0.0,3092.78350515464
5222,3092.78350515464,0.0,2852.90628865979,3711.34020618557,0.0,0.0,0.0,0.0,0.0,3092.78350515464
5223,3092.78350515464,0.0,2952.44628865979,3711.34020618557,0.0,0.0,0.0,0.0,0.0,3092.78350515464
5224,3092.78350515464,0.0,2069.66628865979,3711.34020618557,0.0,0.0,0.0,0.0,0.0,3092.78350515464
5225,3092.78350515464,0.0,0.0,2497.67149484536,0.0,0.0,0.0,0.0,0.0,3092.78350515464
5226,3092.78350515464,0.0,0.0,426.111494845361,0.0,0.0,0.0,0.0,0.0,3092.78350515464
5227,0.0,0.0,0.0,0.0,0.0,0.0,3000.0,0.0,0.0,3000.0
5228,0.0,0.0,0.0,0.0,0.0,0.0,3000.0,0.0,0.0,3000.0
5229,0.0,0.0,0.0,0.0,0.0,0.0,3000.0,0.0,0.0,3000.0
5230,0.0,0.0,0.0,0.0,0.0,0.0,3000.0,0.0,0.0,3000.0
5231,0.0,0.0,0.0,0.0,0.0,0.0,0.0,0.0,0.0,0.0
5232,0.0,0.0,0.0,0.0,0.0,0.0,0.0,0.0,0.0,0.0
5233,0.0,0.0,0.0,0.0,0.0,0.0,0.0,0.0,0.0,0.0
5234,0.0,0.0,0.0,0.0,0.0,0.0,0.0,0.0,0.0,0.0
5235,0.0,0.0,0.0,0.0,0.0,0.0,0.0,0.0,0.0,0.0
5236,0.0,0.0,0.0,1116.7605,0.0,0.0,0.0,0.0,0.0,0.0
5237,773.19587628866,0.0,1991.72891752577,3711.34020618557,0.0,0.0,0.0,0.0,0.0,773.19587628866
5238,3092.78350515464,0.0,2427.82128865979,3711.34020618557,0.0,0.0,0.0,0.0,0.0,3092.78350515464
5239,3092.78350515464,0.0,3840.46128865979,3711.34020618557,0.0,0.0,0.0,0.0,0.0,3092.78350515464
5240,3092.78350515464,0.0,4507.0162886598,3711.34020618557,0.0,0.0,0.0,0.0,0.0,3092.78350515464
5241,3092.78350515464,0.0,4375.7662886598,3711.34020618557,0.0,0.0,0.0,0.0,0.0,3092.78350515464
5242,3092.78350515464,0.0,3661.54128865979,3711.34020618557,0.0,0.0,0.0,0.0,0.0,3092.78350515464
5243,3092.78350515464,0.0,2724.70128865979,3711.34020618557,0.0,0.0,0.0,0.0,0.0,3092.78350515464
5244,3092.78350515464,0.0,2215.12128865979,3711.34020618557,0.0,0.0,0.0,0.0,0.0,3092.78350515464
5245,3092.78350515464,0.0,2443.70628865979,3711.34020618557,0.0,0.0,0.0,0.0,0.0,3092.78350515464
5246,3092.78350515464,0.0,2990.74128865979,3711.34020618557,0.0,0.0,0.0,0.0,0.0,3092.78350515464
5247,3092.78350515464,0.0,3087.04128865979,3711.34020618557,0.0,0.0,0.0,0.0,0.0,3092.78350515464
5248,3092.78350515464,0.0,2316.65628865979,3711.34020618557,0.0,0.0,0.0,0.0,0.0,3092.78350515464
5249,3092.78350515464,0.0,62.111288659793,3711.34020618557,0.0,0.0,0.0,0.0,0.0,3092.78350515464
5250,3092.78350515464,0.0,0.0,284.40649484536,0.0,0.0,0.0,0.0,0.0,3092.78350515464
5251,0.0,0.0,0.0,0.0,0.0,0.0,3000.0,0.0,0.0,3000.0
5252,0.0,0.0,0.0,0.0,0.0,0.0,3000.0,0.0,0.0,3000.0
5253,0.0,0.0,0.0,0.0,0.0,0.0,3000.0,0.0,0.0,3000.0
5254,0.0,0.0,0.0,0.0,0.0,0.0,3000.0,0.0,0.0,3000.0
5255,0.0,0.0,0.0,0.0,0.0,0.0,0.0,0.0,0.0,0.0
5256,0.0,0.0,0.0,0.0,0.0,0.0,0.0,0.0,0.0,0.0
5257,0.0,0.0,0.0,0.0,0.0,0.0,0.0,0.0,0.0,0.0
5258,0.0,0.0,0.0,0.0,0.0,0.0,0.0,0.0,0.0,0.0
5259,0.0,0.0,0.0,0.0,0.0,0.0,0.0,0.0,0.0,0.0
5260,0.0,0.0,0.0,873.6945,0.0,0.0,0.0,0.0,0.0,0.0
5261,773.19587628866,0.0,1733.62391752577,3711.34020618557,0.0,0.0,0.0,0.0,0.0,773.19587628866
5262,3092.78350515464,0.0,1569.50628865979,3711.34020618557,0.0,0.0,0.0,0.0,0.0,3092.78350515464
5263,3092.78350515464,0.0,3545.15628865979,3711.34020618557,0.0,0.0,0.0,0.0,0.0,3092.78350515464
5264,3092.78350515464,0.0,4571.12628865979,3711.34020618557,0.0,0.0,0.0,0.0,0.0,3092.78350515464
5265,3092.78350515464,0.0,4430.69628865979,3711.34020618557,0.0,0.0,0.0,0.0,0.0,3092.78350515464
5266,3092.78350515464,0.0,3575.30628865979,3711.34020618557,0.0,0.0,0.0,0.0,0.0,3092.78350515464
5267,3092.78350515464,0.0,2680.07628865979,3711.34020618557,0.0,0.0,0.0,0.0,0.0,3092.78350515464
5268,3092.78350515464,0.0,2034.79128865979,3711.34020618557,0.0,0.0,0.0,0.0,0.0,3092.78350515464
5269,3092.78350515464,0.0,2227.61628865979,3711.34020618557,0.0,0.0,0.0,0.0,0.0,3092.78350515464
5270,3092.78350515464,0.0,2726.09628865979,3711.34020618557,0.0,0.0,0.0,0.0,0.0,3092.78350515464
5271,3092.78350515464,0.0,2891.90628865979,3711.34020618557,0.0,0.0,0.0,0.0,0.0,3092.78350515464
5272,3092.78350515464,0.0,1772.27628865979,3711.34020618557,0.0,0.0,0.0,0.0,0.0,3092.78350515464
5273,3092.78350515464,0.0,0.0,1741.91149484536,0.0,0.0,0.0,0.0,0.0,3092.78350515464
5274,1899.54,0.0,0.0,0.0,0.0,0.0,1157.4462,0.0,0.0,3056.9862000000003
5275,0.0,0.0,0.0,0.0,0.0,0.0,3000.0,0.0,0.0,3000.0
5276,0.0,0.0,0.0,0.0,0.0,0.0,3000.0,0.0,0.0,3000.0
5277,0.0,0.0,0.0,0.0,0.0,0.0,3000.0,0.0,0.0,3000.0
5278,0.0,0.0,0.0,0.0,0.0,0.0,3000.0,0.0,0.0,3000.0
5279,0.0,0.0,0.0,0.0,0.0,0.0,0.0,0.0,0.0,0.0
5280,0.0,0.0,0.0,0.0,0.0,0.0,0.0,0.0,0.0,0.0
5281,0.0,0.0,0.0,0.0,0.0,0.0,0.0,0.0,0.0,0.0
5282,0.0,0.0,0.0,0.0,0.0,0.0,0.0,0.0,0.0,0.0
5283,0.0,0.0,0.0,0.0,0.0,0.0,0.0,0.0,0.0,0.0
5284,0.0,0.0,0.0,0.0,0.0,0.0,0.0,0.0,0.0,0.0
5285,133.7454,0.0,0.0,0.0,0.0,0.0,620.266962,0.0,0.0,754.012362
5286,3092.78350515464,0.0,0.0,1992.56149484536,0.0,0.0,0.0,0.0,0.0,3092.78350515464
5287,3092.78350515464,0.0,2395.01628865979,3711.34020618557,0.0,0.0,0.0,0.0,0.0,3092.78350515464
5288,3092.78350515464,0.0,4107.95628865979,3711.34020618557,0.0,0.0,0.0,0.0,0.0,3092.78350515464
5289,3092.78350515464,0.0,3450.43128865979,3711.34020618557,0.0,0.0,0.0,0.0,0.0,3092.78350515464
5290,3092.78350515464,0.0,786.731288659793,3711.34020618557,0.0,0.0,0.0,0.0,0.0,3092.78350515464
5291,3092.78350515464,0.0,269.381288659793,3711.34020618557,0.0,0.0,0.0,0.0,0.0,3092.78350515464
5292,3092.78350515464,0.0,0.0,3180.66649484536,0.0,0.0,0.0,0.0,0.0,3092.78350515464
5293,3092.78350515464,0.0,447.851288659793,3711.34020618557,0.0,0.0,0.0,0.0,0.0,3092.78350515464
5294,3092.78350515464,0.0,0.0,3309.84649484536,0.0,0.0,0.0,0.0,0.0,3092.78350515464
5295,2051.07,0.0,0.0,0.0,0.0,0.0,1010.4621,0.0,0.0,3061.5321000000004
5296,3092.78350515464,0.0,0.0,1935.66649484536,0.0,0.0,0.0,0.0,0.0,3092.78350515464
5297,2120.67,0.0,0.0,0.0,0.0,0.0,942.9501,0.0,0.0,3063.6201
5298,283.446,0.0,0.0,0.0,0.0,0.0,2725.05738,0.0,0.0,3008.50338
5299,0.0,0.0,0.0,0.0,0.0,0.0,3000.0,0.0,0.0,3000.0
5300,0.0,0.0,0.0,0.0,0.0,0.0,3000.0,0.0,0.0,3000.0
5301,0.0,0.0,0.0,0.0,0.0,0.0,3000.0,0.0,0.0,3000.0
5302,0.0,0.0,0.0,0.0,0.0,0.0,3000.0,0.0,0.0,3000.0
5303,0.0,0.0,0.0,0.0,0.0,0.0,0.0,0.0,0.0,0.0
5304,0.0,0.0,0.0,0.0,0.0,0.0,0.0,0.0,0.0,0.0
5305,0.0,0.0,0.0,0.0,0.0,0.0,0.0,0.0,0.0,0.0
5306,0.0,0.0,0.0,0.0,0.0,0.0,0.0,0.0,0.0,0.0
5307,0.0,0.0,0.0,0.0,0.0,0.0,0.0,0.0,0.0,0.0
5308,0.0,0.0,0.0,0.0,0.0,0.0,0.0,0.0,0.0,0.0
5309,406.7085,0.0,0.0,0.0,0.0,0.0,355.492755,0.0,0.0,762.201255
5310,2111.115,0.0,0.0,0.0,0.0,0.0,952.21845,0.0,0.0,3063.3334499999996
5311,3092.78350515464,0.0,0.0,1358.27149484536,0.0,0.0,0.0,0.0,0.0,3092.78350515464
5312,2342.235,0.0,0.0,0.0,0.0,0.0,728.03205,0.0,0.0,3070.2670500000004
5313,1856.1,0.0,0.0,0.0,0.0,0.0,1199.583,0.0,0.0,3055.683
5314,1867.425,0.0,0.0,0.0,0.0,0.0,1188.59775,0.0,0.0,3056.02275
5315,1810.32,0.0,0.0,0.0,0.0,0.0,1243.9896,0.0,0.0,3054.3096
5316,2915.1,0.0,0.0,0.0,0.0,0.0,172.353,0.0,0.0,3087.453
5317,3092.78350515464,0.0,0.0,455.21149484536,0.0,0.0,0.0,0.0,0.0,3092.78350515464
5318,2586.855,0.0,0.0,0.0,0.0,0.0,490.75065,0.0,0.0,3077.60565
5319,3092.78350515464,0.0,0.0,111.75649484536,0.0,0.0,0.0,0.0,0.0,3092.78350515464
5320,2967.93,0.0,0.0,0.0,0.0,0.0,121.1079,0.0,0.0,3089.0379
5321,706.2675,0.0,0.0,0.0,0.0,0.0,2314.920525,0.0,0.0,3021.188025
5322,85.96095,0.0,0.0,0.0,0.0,0.0,2916.6178785,0.0,0.0,3002.5788285000003
5323,0.0,0.0,0.0,0.0,0.0,0.0,3000.0,0.0,0.0,3000.0
5324,0.0,0.0,0.0,0.0,0.0,0.0,3000.0,0.0,0.0,3000.0
5325,0.0,0.0,0.0,0.0,0.0,0.0,3000.0,0.0,0.0,3000.0
5326,0.0,0.0,0.0,0.0,0.0,0.0,3000.0,0.0,0.0,3000.0
5327,0.0,0.0,0.0,0.0,0.0,0.0,0.0,0.0,0.0,0.0
5328,0.0,0.0,0.0,0.0,0.0,0.0,0.0,0.0,0.0,0.0
5329,0.0,0.0,0.0,0.0,0.0,0.0,0.0,0.0,0.0,0.0
5330,0.0,0.0,0.0,0.0,0.0,0.0,0.0,0.0,0.0,0.0
5331,0.0,0.0,0.0,0.0,0.0,0.0,0.0,0.0,0.0,0.0
5332,0.0,0.0,0.0,0.0,0.0,0.0,0.0,0.0,0.0,0.0
5333,773.19587628866,0.0,486.928917525772,3711.34020618557,0.0,0.0,0.0,0.0,0.0,773.19587628866
5334,3092.78350515464,0.0,0.0,1405.88149484536,0.0,0.0,0.0,0.0,0.0,3092.78350515464
5335,3092.78350515464,0.0,2227.46628865979,3711.34020618557,0.0,0.0,0.0,0.0,0.0,3092.78350515464
5336,3092.78350515464,0.0,1538.81628865979,3711.34020618557,0.0,0.0,0.0,0.0,0.0,3092.78350515464
5337,3092.78350515464,0.0,0.0,2530.29649484536,0.0,0.0,0.0,0.0,0.0,3092.78350515464
5338,3092.78350515464,0.0,0.0,2326.08649484536,0.0,0.0,0.0,0.0,0.0,3092.78350515464
5339,1982.055,0.0,0.0,0.0,0.0,0.0,1077.40665,0.0,0.0,3059.46165
5340,3092.78350515464,0.0,0.0,2447.42149484536,0.0,0.0,0.0,0.0,0.0,3092.78350515464
5341,3092.78350515464,0.0,0.0,1440.30649484536,0.0,0.0,0.0,0.0,0.0,3092.78350515464
5342,2250.165,0.0,0.0,0.0,0.0,0.0,817.33995,0.0,0.0,3067.50495
5343,1005.411,0.0,0.0,0.0,0.0,0.0,2024.75133,0.0,0.0,3030.16233
5344,812.2005,0.0,0.0,0.0,0.0,0.0,2212.165515,0.0,0.0,3024.366015
5345,365.8095,0.0,0.0,0.0,0.0,0.0,2645.164785,0.0,0.0,3010.974285
5346,47.63625,0.0,0.0,0.0,0.0,0.0,2953.7928375,0.0,0.0,3001.4290875
5347,0.0,0.0,0.0,0.0,0.0,0.0,3000.0,0.0,0.0,3000.0
5348,0.0,0.0,0.0,0.0,0.0,0.0,3000.0,0.0,0.0,3000.0
5349,0.0,0.0,0.0,0.0,0.0,0.0,3000.0,0.0,0.0,3000.0
5350,0.0,0.0,0.0,0.0,0.0,0.0,3000.0,0.0,0.0,3000.0
5351,0.0,0.0,0.0,0.0,0.0,0.0,0.0,0.0,0.0,0.0
5352,0.0,0.0,0.0,0.0,0.0,0.0,0.0,0.0,0.0,0.0
5353,0.0,0.0,0.0,0.0,0.0,0.0,0.0,0.0,0.0,0.0
5354,0.0,0.0,0.0,0.0,0.0,0.0,0.0,0.0,0.0,0.0
5355,0.0,0.0,0.0,0.0,0.0,0.0,0.0,0.0,0.0,0.0
5356,0.0,0.0,0.0,0.0,0.0,0.0,0.0,0.0,0.0,0.0
5357,773.19587628866,0.0,619.393917525772,3711.34020618557,0.0,0.0,0.0,0.0,0.0,773.19587628866
5358,3092.78350515464,0.0,1456.78128865979,3711.34020618557,0.0,0.0,0.0,0.0,0.0,3092.78350515464
5359,3092.78350515464,0.0,3864.85128865979,3711.34020618557,0.0,0.0,0.0,0.0,0.0,3092.78350515464
5360,3092.78350515464,0.0,4378.75128865979,3711.34020618557,0.0,0.0,0.0,0.0,0.0,3092.78350515464
5361,3092.78350515464,0.0,2762.03628865979,3711.34020618557,0.0,0.0,0.0,0.0,0.0,3092.78350515464
5362,3092.78350515464,0.0,2447.42628865979,3711.34020618557,0.0,0.0,0.0,0.0,0.0,3092.78350515464
5363,3092.78350515464,0.0,0.0,807.63649484536,0.0,0.0,0.0,0.0,0.0,3092.78350515464
5364,3058.98,0.0,0.0,0.0,0.0,0.0,32.7894000000001,0.0,0.0,3091.7694
5365,913.3665,0.0,0.0,0.0,0.0,0.0,2114.034495,0.0,0.0,3027.400995
5366,1294.2765,0.0,0.0,0.0,0.0,0.0,1744.551795,0.0,0.0,3038.8282950000003
5367,710.9115,0.0,0.0,0.0,0.0,0.0,2310.415845,0.0,0.0,3021.327345
5368,703.3545,0.0,0.0,0.0,0.0,0.0,2317.746135,0.0,0.0,3021.100635
5369,344.808,0.0,0.0,0.0,0.0,0.0,2665.53624,0.0,0.0,3010.34424
5370,67.2015,0.0,0.0,0.0,0.0,0.0,2934.814545,0.0,0.0,3002.0160450000003
5371,0.0,0.0,0.0,0.0,0.0,0.0,3000.0,0.0,0.0,3000.0
5372,0.0,0.0,0.0,0.0,0.0,0.0,3000.0,0.0,0.0,3000.0
5373,0.0,0.0,0.0,0.0,0.0,0.0,3000.0,0.0,0.0,3000.0
5374,0.0,0.0,0.0,0.0,0.0,0.0,3000.0,0.0,0.0,3000.0
5375,0.0,0.0,0.0,0.0,0.0,0.0,0.0,0.0,0.0,0.0
5376,0.0,0.0,0.0,0.0,0.0,0.0,0.0,0.0,0.0,0.0
5377,0.0,0.0,0.0,0.0,0.0,0.0,0.0,0.0,0.0,0.0
5378,0.0,0.0,0.0,0.0,0.0,0.0,0.0,0.0,0.0,0.0
5379,0.0,0.0,0.0,0.0,0.0,0.0,0.0,0.0,0.0,0.0
5380,0.0,0.0,0.0,0.0,0.0,0.0,0.0,0.0,0.0,0.0
5381,773.19587628866,0.0,1064.23391752577,3711.34020618557,0.0,0.0,0.0,0.0,0.0,773.19587628866
5382,3092.78350515464,0.0,2291.77128865979,3711.34020618557,0.0,0.0,0.0,0.0,0.0,3092.78350515464
5383,3092.78350515464,0.0,4285.96128865979,3711.34020618557,0.0,0.0,0.0,0.0,0.0,3092.78350515464
5384,3092.78350515464,0.0,4831.55628865979,3711.34020618557,0.0,0.0,0.0,0.0,0.0,3092.78350515464
5385,3092.78350515464,0.0,4349.47128865979,3711.34020618557,0.0,0.0,0.0,0.0,0.0,3092.78350515464
5386,3092.78350515464,0.0,1774.60128865979,3711.34020618557,0.0,0.0,0.0,0.0,0.0,3092.78350515464
5387,1319.829,0.0,0.0,0.0,0.0,0.0,1719.76587,0.0,0.0,3039.59487
5388,1487.6595,0.0,0.0,0.0,0.0,0.0,1556.970285,0.0,0.0,3044.629785
5389,3092.78350515464,0.0,1595.71128865979,3711.34020618557,0.0,0.0,0.0,0.0,0.0,3092.78350515464
5390,1709.88,0.0,0.0,0.0,0.0,0.0,1341.4164,0.0,0.0,3051.2964
5391,766.7295,0.0,0.0,0.0,0.0,0.0,2256.272385,0.0,0.0,3023.001885
5392,3092.78350515464,0.0,879.401288659793,3711.34020618557,0.0,0.0,0.0,0.0,0.0,3092.78350515464
5393,3092.78350515464,0.0,0.0,3133.44649484536,0.0,0.0,0.0,0.0,0.0,3092.78350515464
5394,2169.375,0.0,0.0,0.0,0.0,0.0,895.70625,0.0,0.0,3065.08125
5395,0.0,0.0,0.0,0.0,0.0,0.0,3000.0,0.0,0.0,3000.0
5396,0.0,0.0,0.0,0.0,0.0,0.0,3000.0,0.0,0.0,3000.0
5397,0.0,0.0,0.0,0.0,0.0,0.0,3000.0,0.0,0.0,3000.0
5398,0.0,0.0,0.0,0.0,0.0,0.0,3000.0,0.0,0.0,3000.0
5399,0.0,0.0,0.0,0.0,0.0,0.0,0.0,0.0,0.0,0.0
5400,0.0,0.0,0.0,0.0,0.0,0.0,0.0,0.0,0.0,0.0
5401,0.0,0.0,0.0,0.0,0.0,0.0,0.0,0.0,0.0,0.0
5402,0.0,0.0,0.0,0.0,0.0,0.0,0.0,0.0,0.0,0.0
5403,0.0,0.0,0.0,0.0,0.0,0.0,0.0,0.0,0.0,0.0
5404,0.0,0.0,0.0,0.0,0.0,0.0,0.0,0.0,0.0,0.0
5405,0.0,0.0,0.0,0.0,0.0,0.0,750.0,0.0,0.0,750.0
5406,0.0,0.0,0.0,0.0,0.0,0.0,3000.0,0.0,0.0,3000.0
5407,0.0,0.0,0.0,0.0,0.0,0.0,3000.0,0.0,0.0,3000.0
5408,0.0,0.0,0.0,0.0,0.0,0.0,3000.0,0.0,0.0,3000.0
5409,0.0,0.0,0.0,0.0,0.0,0.0,3000.0,0.0,0.0,3000.0
5410,0.0,0.0,0.0,0.0,0.0,0.0,3000.0,0.0,0.0,3000.0
5411,0.0,0.0,0.0,0.0,0.0,0.0,3000.0,0.0,0.0,3000.0
5412,0.0,0.0,0.0,0.0,0.0,0.0,3000.0,0.0,0.0,3000.0
5413,0.0,0.0,0.0,0.0,0.0,0.0,3000.0,0.0,0.0,3000.0
5414,0.0,0.0,0.0,0.0,0.0,0.0,3000.0,0.0,0.0,3000.0
5415,0.0,0.0,0.0,0.0,0.0,0.0,3000.0,0.0,0.0,3000.0
5416,0.0,0.0,0.0,0.0,0.0,0.0,3000.0,0.0,0.0,3000.0
5417,0.0,0.0,0.0,0.0,0.0,0.0,3000.0,0.0,0.0,3000.0
5418,0.0,0.0,0.0,0.0,0.0,0.0,3000.0,0.0,0.0,3000.0
5419,0.0,0.0,0.0,0.0,0.0,0.0,3000.0,0.0,0.0,3000.0
5420,0.0,0.0,0.0,0.0,0.0,0.0,3000.0,0.0,0.0,3000.0
5421,0.0,0.0,0.0,0.0,0.0,0.0,3000.0,0.0,0.0,3000.0
5422,0.0,0.0,0.0,0.0,0.0,0.0,3000.0,0.0,0.0,3000.0
5423,0.0,0.0,0.0,0.0,0.0,0.0,0.0,0.0,0.0,0.0
5424,0.0,0.0,0.0,0.0,0.0,0.0,0.0,0.0,0.0,0.0
5425,0.0,0.0,0.0,0.0,0.0,0.0,0.0,0.0,0.0,0.0
5426,0.0,0.0,0.0,0.0,0.0,0.0,0.0,0.0,0.0,0.0
5427,0.0,0.0,0.0,0.0,0.0,0.0,0.0,0.0,0.0,0.0
5428,0.0,0.0,0.0,0.0,0.0,0.0,0.0,0.0,0.0,0.0
5429,0.0,0.0,0.0,0.0,0.0,0.0,750.0,0.0,0.0,750.0
5430,0.0,0.0,0.0,0.0,0.0,0.0,3000.0,0.0,0.0,3000.0
5431,0.0,0.0,0.0,0.0,0.0,0.0,3000.0,0.0,0.0,3000.0
5432,0.0,0.0,0.0,0.0,0.0,0.0,3000.0,0.0,0.0,3000.0
5433,0.0,0.0,0.0,0.0,0.0,0.0,3000.0,0.0,0.0,3000.0
5434,0.0,0.0,0.0,0.0,0.0,0.0,3000.0,0.0,0.0,3000.0
5435,0.0,0.0,0.0,0.0,0.0,0.0,3000.0,0.0,0.0,3000.0
5436,0.0,0.0,0.0,0.0,0.0,0.0,3000.0,0.0,0.0,3000.0
5437,0.0,0.0,0.0,0.0,0.0,0.0,3000.0,0.0,0.0,3000.0
5438,0.0,0.0,0.0,0.0,0.0,0.0,3000.0,0.0,0.0,3000.0
5439,0.0,0.0,0.0,0.0,0.0,0.0,3000.0,0.0,0.0,3000.0
5440,0.0,0.0,0.0,0.0,0.0,0.0,3000.0,0.0,0.0,3000.0
5441,0.0,0.0,0.0,0.0,0.0,0.0,3000.0,0.0,0.0,3000.0
5442,0.0,0.0,0.0,0.0,0.0,0.0,3000.0,0.0,0.0,3000.0
5443,0.0,0.0,0.0,0.0,0.0,0.0,3000.0,0.0,0.0,3000.0
5444,0.0,0.0,0.0,0.0,0.0,0.0,3000.0,0.0,0.0,3000.0
5445,0.0,0.0,0.0,0.0,0.0,0.0,3000.0,0.0,0.0,3000.0
5446,0.0,0.0,0.0,0.0,0.0,0.0,3000.0,0.0,0.0,3000.0
5447,0.0,0.0,0.0,0.0,0.0,0.0,0.0,0.0,0.0,0.0
5448,0.0,0.0,0.0,0.0,0.0,0.0,0.0,0.0,0.0,0.0
5449,0.0,0.0,0.0,0.0,0.0,0.0,0.0,0.0,0.0,0.0
5450,0.0,0.0,0.0,0.0,0.0,0.0,0.0,0.0,0.0,0.0
5451,0.0,0.0,0.0,0.0,0.0,0.0,0.0,0.0,0.0,0.0
5452,0.0,0.0,0.0,0.0,0.0,0.0,0.0,0.0,0.0,0.0
5453,0.0,0.0,0.0,0.0,0.0,0.0,750.0,0.0,0.0,750.0
5454,3092.78350515464,0.0,767.936288659793,3711.34020618557,0.0,0.0,0.0,0.0,0.0,3092.78350515464
5455,3092.78350515464,0.0,0.0,3047.70649484536,0.0,0.0,0.0,0.0,0.0,3092.78350515464
5456,3092.78350515464,0.0,0.0,359.51149484536,0.0,0.0,0.0,0.0,0.0,3092.78350515464
5457,3092.78350515464,0.0,0.0,675.33649484536,0.0,0.0,0.0,0.0,0.0,3092.78350515464
5458,3092.78350515464,0.0,0.0,815.40649484536,0.0,0.0,0.0,0.0,0.0,3092.78350515464
5459,3092.78350515464,0.0,0.0,2454.72649484536,0.0,0.0,0.0,0.0,0.0,3092.78350515464
5460,3092.78350515464,0.0,0.0,97.6564948453602,0.0,0.0,0.0,0.0,0.0,3092.78350515464
5461,3043.56,0.0,0.0,0.0,0.0,0.0,47.7468000000003,0.0,0.0,3091.3068000000003
5462,3092.78350515464,0.0,0.0,2711.45149484536,0.0,0.0,0.0,0.0,0.0,3092.78350515464
5463,1271.361,0.0,0.0,0.0,0.0,0.0,1766.77983,0.0,0.0,3038.1408300000003
5464,3092.78350515464,0.0,0.0,250.071494845361,0.0,0.0,0.0,0.0,0.0,3092.78350515464
5465,1780.035,0.0,0.0,0.0,0.0,0.0,1273.36605,0.0,0.0,3053.4010500000004
5466,37.12635,0.0,0.0,0.0,0.0,0.0,2963.9874405,0.0,0.0,3001.1137905
5467,0.0,0.0,0.0,0.0,0.0,0.0,3000.0,0.0,0.0,3000.0
5468,0.0,0.0,0.0,0.0,0.0,0.0,3000.0,0.0,0.0,3000.0
5469,0.0,0.0,0.0,0.0,0.0,0.0,3000.0,0.0,0.0,3000.0
5470,0.0,0.0,0.0,0.0,0.0,0.0,3000.0,0.0,0.0,3000.0
5471,0.0,0.0,0.0,0.0,0.0,0.0,0.0,0.0,0.0,0.0
5472,0.0,0.0,0.0,0.0,0.0,0.0,0.0,0.0,0.0,0.0
5473,0.0,0.0,0.0,0.0,0.0,0.0,0.0,0.0,0.0,0.0
5474,0.0,0.0,0.0,0.0,0.0,0.0,0.0,0.0,0.0,0.0
5475,0.0,0.0,0.0,0.0,0.0,0.0,0.0,0.0,0.0,0.0
5476,0.0,0.0,0.0,0.0,0.0,0.0,0.0,0.0,0.0,0.0
5477,773.19587628866,0.0,168.913917525773,3711.34020618557,0.0,0.0,0.0,0.0,0.0,773.19587628866
5478,3092.78350515464,0.0,1293.53628865979,3711.34020618557,0.0,0.0,0.0,0.0,0.0,3092.78350515464
5479,3092.78350515464,0.0,2149.07628865979,3711.34020618557,0.0,0.0,0.0,0.0,0.0,3092.78350515464
5480,3092.78350515464,0.0,295.901288659793,3711.34020618557,0.0,0.0,0.0,0.0,0.0,3092.78350515464
5481,3092.78350515464,0.0,1754.93628865979,3711.34020618557,0.0,0.0,0.0,0.0,0.0,3092.78350515464
5482,3092.78350515464,0.0,535.436288659794,3711.34020618557,0.0,0.0,0.0,0.0,0.0,3092.78350515464
5483,3092.78350515464,0.0,0.0,1537.25149484536,0.0,0.0,0.0,0.0,0.0,3092.78350515464
5484,3092.78350515464,0.0,0.0,3055.23649484536,0.0,0.0,0.0,0.0,0.0,3092.78350515464
5485,3092.78350515464,0.0,905.546288659793,3711.34020618557,0.0,0.0,0.0,0.0,0.0,3092.78350515464
5486,3092.78350515464,0.0,397.166288659793,3711.34020618557,0.0,0.0,0.0,0.0,0.0,3092.78350515464
5487,3092.78350515464,0.0,228.161288659793,3711.34020618557,0.0,0.0,0.0,0.0,0.0,3092.78350515464
5488,3092.78350515464,0.0,268.496288659793,3711.34020618557,0.0,0.0,0.0,0.0,0.0,3092.78350515464
5489,3092.78350515464,0.0,0.0,66.8764948453609,0.0,0.0,0.0,0.0,0.0,3092.78350515464
5490,0.0,0.0,0.0,0.0,0.0,0.0,3000.0,0.0,0.0,3000.0
5491,0.0,0.0,0.0,0.0,0.0,0.0,3000.0,0.0,0.0,3000.0
5492,0.0,0.0,0.0,0.0,0.0,0.0,3000.0,0.0,0.0,3000.0
5493,0.0,0.0,0.0,0.0,0.0,0.0,3000.0,0.0,0.0,3000.0
5494,0.0,0.0,0.0,0.0,0.0,0.0,3000.0,0.0,0.0,3000.0
5495,0.0,0.0,0.0,0.0,0.0,0.0,0.0,0.0,0.0,0.0
5496,0.0,0.0,0.0,0.0,0.0,0.0,0.0,0.0,0.0,0.0
5497,0.0,0.0,0.0,0.0,0.0,0.0,0.0,0.0,0.0,0.0
5498,0.0,0.0,0.0,0.0,0.0,0.0,0.0,0.0,0.0,0.0
5499,0.0,0.0,0.0,0.0,0.0,0.0,0.0,0.0,0.0,0.0
5500,0.0,0.0,0.0,0.0,0.0,0.0,0.0,0.0,0.0,0.0
5501,773.19587628866,0.0,-1.13686837721616e-13,2611.43412371134,0.0,0.0,0.0,0.0,0.0,773.19587628866
5502,3092.78350515464,0.0,0.0,1152.24649484536,0.0,0.0,0.0,0.0,0.0,3092.78350515464
5503,3092.78350515464,0.0,0.0,1464.75649484536,0.0,0.0,0.0,0.0,0.0,3092.78350515464
5504,3092.78350515464,0.0,1634.33628865979,3711.34020618557,0.0,0.0,0.0,0.0,0.0,3092.78350515464
5505,3092.78350515464,0.0,4313.71128865979,3711.34020618557,0.0,0.0,0.0,0.0,0.0,3092.78350515464
5506,3092.78350515464,0.0,3256.16628865979,3711.34020618557,0.0,0.0,0.0,0.0,0.0,3092.78350515464
5507,3092.78350515464,0.0,2163.55128865979,3711.34020618557,0.0,0.0,0.0,0.0,0.0,3092.78350515464
5508,3092.78350515464,0.0,1701.98628865979,3711.34020618557,0.0,0.0,0.0,0.0,0.0,3092.78350515464
5509,3092.78350515464,0.0,2125.25628865979,3711.34020618557,0.0,0.0,0.0,0.0,0.0,3092.78350515464
5510,3092.78350515464,0.0,2536.36128865979,3711.34020618557,0.0,0.0,0.0,0.0,0.0,3092.78350515464
5511,3092.78350515464,0.0,2670.58128865979,3711.34020618557,0.0,0.0,0.0,0.0,0.0,3092.78350515464
5512,3092.78350515464,0.0,1692.65628865979,3711.34020618557,0.0,0.0,0.0,0.0,0.0,3092.78350515464
5513,3092.78350515464,0.0,0.0,3116.88649484536,0.0,0.0,0.0,0.0,0.0,3092.78350515464
5514,0.0,0.0,0.0,0.0,0.0,0.0,3000.0,0.0,0.0,3000.0
5515,0.0,0.0,0.0,0.0,0.0,0.0,3000.0,0.0,0.0,3000.0
5516,0.0,0.0,0.0,0.0,0.0,0.0,3000.0,0.0,0.0,3000.0
5517,0.0,0.0,0.0,0.0,0.0,0.0,3000.0,0.0,0.0,3000.0
5518,0.0,0.0,0.0,0.0,0.0,0.0,3000.0,0.0,0.0,3000.0
5519,0.0,0.0,0.0,0.0,0.0,0.0,0.0,0.0,0.0,0.0
5520,0.0,0.0,0.0,0.0,0.0,0.0,0.0,0.0,0.0,0.0
5521,0.0,0.0,0.0,0.0,0.0,0.0,0.0,0.0,0.0,0.0
5522,0.0,0.0,0.0,0.0,0.0,0.0,0.0,0.0,0.0,0.0
5523,0.0,0.0,0.0,0.0,0.0,0.0,0.0,0.0,0.0,0.0
5524,0.0,0.0,0.0,0.0,0.0,0.0,0.0,0.0,0.0,0.0
5525,773.19587628866,0.0,0.0,14.8321237113402,0.0,0.0,0.0,0.0,0.0,773.19587628866
5526,3092.78350515464,0.0,1387.61628865979,3711.34020618557,0.0,0.0,0.0,0.0,0.0,3092.78350515464
5527,3092.78350515464,0.0,3062.39628865979,3711.34020618557,0.0,0.0,0.0,0.0,0.0,3092.78350515464
5528,3092.78350515464,0.0,4318.09128865979,3711.34020618557,0.0,0.0,0.0,0.0,0.0,3092.78350515464
5529,3092.78350515464,0.0,4093.67628865979,3711.34020618557,0.0,0.0,0.0,0.0,0.0,3092.78350515464
5530,3092.78350515464,0.0,3375.77628865979,3711.34020618557,0.0,0.0,0.0,0.0,0.0,3092.78350515464
5531,3092.78350515464,0.0,2298.37128865979,3711.34020618557,0.0,0.0,0.0,0.0,0.0,3092.78350515464
5532,3092.78350515464,0.0,1886.44128865979,3711.34020618557,0.0,0.0,0.0,0.0,0.0,3092.78350515464
5533,3092.78350515464,0.0,2334.59628865979,3711.34020618557,0.0,0.0,0.0,0.0,0.0,3092.78350515464
5534,3092.78350515464,0.0,2980.93128865979,3711.34020618557,0.0,0.0,0.0,0.0,0.0,3092.78350515464
5535,3092.78350515464,0.0,3101.17128865979,3711.34020618557,0.0,0.0,0.0,0.0,0.0,3092.78350515464
5536,3092.78350515464,0.0,2090.48628865979,3711.34020618557,0.0,0.0,0.0,0.0,0.0,3092.78350515464
5537,3092.78350515464,0.0,0.0,2694.77149484536,0.0,0.0,0.0,0.0,0.0,3092.78350515464
5538,0.0,0.0,0.0,0.0,0.0,0.0,3000.0,0.0,0.0,3000.0
5539,0.0,0.0,0.0,0.0,0.0,0.0,3000.0,0.0,0.0,3000.0
5540,0.0,0.0,0.0,0.0,0.0,0.0,3000.0,0.0,0.0,3000.0
5541,0.0,0.0,0.0,0.0,0.0,0.0,3000.0,0.0,0.0,3000.0
5542,0.0,0.0,0.0,0.0,0.0,0.0,3000.0,0.0,0.0,3000.0
5543,0.0,0.0,0.0,0.0,0.0,0.0,0.0,0.0,0.0,0.0
5544,0.0,0.0,0.0,0.0,0.0,0.0,0.0,0.0,0.0,0.0
5545,0.0,0.0,0.0,0.0,0.0,0.0,0.0,0.0,0.0,0.0
5546,0.0,0.0,0.0,0.0,0.0,0.0,0.0,0.0,0.0,0.0
5547,0.0,0.0,0.0,0.0,0.0,0.0,0.0,0.0,0.0,0.0
5548,0.0,0.0,0.0,0.0,0.0,0.0,0.0,0.0,0.0,0.0
5549,773.19587628866,0.0,-1.13686837721616e-13,2830.56912371134,0.0,0.0,0.0,0.0,0.0,773.19587628866
5550,3092.78350515464,0.0,2049.17628865979,3711.34020618557,0.0,0.0,0.0,0.0,0.0,3092.78350515464
5551,3092.78350515464,0.0,3347.09628865979,3711.34020618557,0.0,0.0,0.0,0.0,0.0,3092.78350515464
5552,3092.78350515464,0.0,2719.84128865979,3711.34020618557,0.0,0.0,0.0,0.0,0.0,3092.78350515464
5553,3092.78350515464,0.0,3118.63128865979,3711.34020618557,0.0,0.0,0.0,0.0,0.0,3092.78350515464
5554,3092.78350515464,0.0,0.0,50.8414948453606,0.0,0.0,0.0,0.0,0.0,3092.78350515464
5555,974.0295,0.0,0.0,0.0,0.0,0.0,2055.191385,0.0,0.0,3029.220885
5556,1759.32,0.0,0.0,0.0,0.0,0.0,1293.4596,0.0,0.0,3052.7796
5557,1350.792,0.0,0.0,0.0,0.0,0.0,1689.73176,0.0,0.0,3040.52376
5558,2006.34,0.0,0.0,0.0,0.0,0.0,1053.8502,0.0,0.0,3060.1902
5559,2175.39,0.0,0.0,0.0,0.0,0.0,889.8717,0.0,0.0,3065.2617
5560,1809.93,0.0,0.0,0.0,0.0,0.0,1244.3679,0.0,0.0,3054.2979
5561,67.21545,0.0,0.0,0.0,0.0,0.0,2934.8010135,0.0,0.0,3002.0164635
5562,0.0,0.0,0.0,0.0,0.0,0.0,3000.0,0.0,0.0,3000.0
5563,0.0,0.0,0.0,0.0,0.0,0.0,3000.0,0.0,0.0,3000.0
5564,0.0,0.0,0.0,0.0,0.0,0.0,3000.0,0.0,0.0,3000.0
5565,0.0,0.0,0.0,0.0,0.0,0.0,3000.0,0.0,0.0,3000.0
5566,0.0,0.0,0.0,0.0,0.0,0.0,3000.0,0.0,0.0,3000.0
5567,0.0,0.0,0.0,0.0,0.0,0.0,0.0,0.0,0.0,0.0
5568,0.0,0.0,0.0,0.0,0.0,0.0,0.0,0.0,0.0,0.0
5569,0.0,0.0,0.0,0.0,0.0,0.0,0.0,0.0,0.0,0.0
5570,0.0,0.0,0.0,0.0,0.0,0.0,0.0,0.0,0.0,0.0
5571,0.0,0.0,0.0,0.0,0.0,0.0,0.0,0.0,0.0,0.0
5572,0.0,0.0,0.0,0.0,0.0,0.0,0.0,0.0,0.0,0.0
5573,56.09325,0.0,0.0,0.0,0.0,0.0,695.5895475,0.0,0.0,751.6827975
5574,1100.8365,0.0,0.0,0.0,0.0,0.0,1932.188595,0.0,0.0,3033.025095
5575,3092.78350515464,0.0,109.406288659793,3711.34020618557,0.0,0.0,0.0,0.0,0.0,3092.78350515464
5576,3092.78350515464,0.0,0.0,3258.32149484536,0.0,0.0,0.0,0.0,0.0,3092.78350515464
5577,3092.78350515464,0.0,940.541288659792,3711.34020618557,0.0,0.0,0.0,0.0,0.0,3092.78350515464
5578,3092.78350515464,0.0,1111.21128865979,3711.34020618557,0.0,0.0,0.0,0.0,0.0,3092.78350515464
5579,3092.78350515464,0.0,276.911288659793,3711.34020618557,0.0,0.0,0.0,0.0,0.0,3092.78350515464
5580,3092.78350515464,0.0,0.0,2655.08149484536,0.0,0.0,0.0,0.0,0.0,3092.78350515464
5581,3092.78350515464,0.0,0.0,2756.49649484536,0.0,0.0,0.0,0.0,0.0,3092.78350515464
5582,3092.78350515464,0.0,669.566288659793,3711.34020618557,0.0,0.0,0.0,0.0,0.0,3092.78350515464
5583,3092.78350515464,0.0,2227.73628865979,3711.34020618557,0.0,0.0,0.0,0.0,0.0,3092.78350515464
5584,3092.78350515464,0.0,0.0,2711.67649484536,0.0,0.0,0.0,0.0,0.0,3092.78350515464
5585,3092.78350515464,0.0,0.0,2082.93649484536,0.0,0.0,0.0,0.0,0.0,3092.78350515464
5586,0.0,0.0,0.0,0.0,0.0,0.0,3000.0,0.0,0.0,3000.0
5587,0.0,0.0,0.0,0.0,0.0,0.0,3000.0,0.0,0.0,3000.0
5588,0.0,0.0,0.0,0.0,0.0,0.0,3000.0,0.0,0.0,3000.0
5589,0.0,0.0,0.0,0.0,0.0,0.0,3000.0,0.0,0.0,3000.0
5590,0.0,0.0,0.0,0.0,0.0,0.0,3000.0,0.0,0.0,3000.0
5591,0.0,0.0,0.0,0.0,0.0,0.0,0.0,0.0,0.0,0.0
5592,0.0,0.0,0.0,0.0,0.0,0.0,0.0,0.0,0.0,0.0
5593,0.0,0.0,0.0,0.0,0.0,0.0,0.0,0.0,0.0,0.0
5594,0.0,0.0,0.0,0.0,0.0,0.0,0.0,0.0,0.0,0.0
5595,0.0,0.0,0.0,0.0,0.0,0.0,0.0,0.0,0.0,0.0
5596,0.0,0.0,0.0,0.0,0.0,0.0,0.0,0.0,0.0,0.0
5597,773.19587628866,0.0,-1.13686837721616e-13,2098.70412371134,0.0,0.0,0.0,0.0,0.0,773.19587628866
5598,3092.78350515464,0.0,1366.18128865979,3711.34020618557,0.0,0.0,0.0,0.0,0.0,3092.78350515464
5599,3092.78350515464,0.0,3408.77628865979,3711.34020618557,0.0,0.0,0.0,0.0,0.0,3092.78350515464
5600,3092.78350515464,0.0,3630.01128865979,3711.34020618557,0.0,0.0,0.0,0.0,0.0,3092.78350515464
5601,3092.78350515464,0.0,2318.11128865979,3711.34020618557,0.0,0.0,0.0,0.0,0.0,3092.78350515464
5602,3092.78350515464,0.0,0.0,2315.04649484536,0.0,0.0,0.0,0.0,0.0,3092.78350515464
5603,3092.78350515464,0.0,0.0,3666.60649484536,0.0,0.0,0.0,0.0,0.0,3092.78350515464
5604,3092.78350515464,0.0,721.901288659793,3711.34020618557,0.0,0.0,0.0,0.0,0.0,3092.78350515464
5605,3092.78350515464,0.0,1441.48128865979,3711.34020618557,0.0,0.0,0.0,0.0,0.0,3092.78350515464
5606,3092.78350515464,0.0,0.0,3107.57149484536,0.0,0.0,0.0,0.0,0.0,3092.78350515464
5607,3092.78350515464,0.0,1368.29628865979,3711.34020618557,0.0,0.0,0.0,0.0,0.0,3092.78350515464
5608,2744.76,0.0,0.0,0.0,0.0,0.0,337.5828,0.0,0.0,3082.3428000000004
5609,2168.805,0.0,0.0,0.0,0.0,0.0,896.25915,0.0,0.0,3065.0641499999997
5610,0.0,0.0,0.0,0.0,0.0,0.0,3000.0,0.0,0.0,3000.0
5611,0.0,0.0,0.0,0.0,0.0,0.0,3000.0,0.0,0.0,3000.0
5612,0.0,0.0,0.0,0.0,0.0,0.0,3000.0,0.0,0.0,3000.0
5613,0.0,0.0,0.0,0.0,0.0,0.0,3000.0,0.0,0.0,3000.0
5614,0.0,0.0,0.0,0.0,0.0,0.0,3000.0,0.0,0.0,3000.0
5615,0.0,0.0,0.0,0.0,0.0,0.0,0.0,0.0,0.0,0.0
5616,0.0,0.0,0.0,0.0,0.0,0.0,0.0,0.0,0.0,0.0
5617,0.0,0.0,0.0,0.0,0.0,0.0,0.0,0.0,0.0,0.0
5618,0.0,0.0,0.0,0.0,0.0,0.0,0.0,0.0,0.0,0.0
5619,0.0,0.0,0.0,0.0,0.0,0.0,0.0,0.0,0.0,0.0
5620,0.0,0.0,0.0,0.0,0.0,0.0,0.0,0.0,0.0,0.0
5621,773.19587628866,0.0,-1.13686837721616e-13,2108.18412371134,0.0,0.0,0.0,0.0,0.0,773.19587628866
5622,3092.78350515464,0.0,1346.54628865979,3711.34020618557,0.0,0.0,0.0,0.0,0.0,3092.78350515464
5623,3092.78350515464,0.0,3154.79628865979,3711.34020618557,0.0,0.0,0.0,0.0,0.0,3092.78350515464
5624,3092.78350515464,0.0,3686.99628865979,3711.34020618557,0.0,0.0,0.0,0.0,0.0,3092.78350515464
5625,3092.78350515464,0.0,3633.20628865979,3711.34020618557,0.0,0.0,0.0,0.0,0.0,3092.78350515464
5626,3092.78350515464,0.0,1975.70628865979,3711.34020618557,0.0,0.0,0.0,0.0,0.0,3092.78350515464
5627,3092.78350515464,0.0,1367.26128865979,3711.34020618557,0.0,0.0,0.0,0.0,0.0,3092.78350515464
5628,3092.78350515464,0.0,1121.47128865979,3711.34020618557,0.0,0.0,0.0,0.0,0.0,3092.78350515464
5629,3092.78350515464,0.0,1321.46628865979,3711.34020618557,0.0,0.0,0.0,0.0,0.0,3092.78350515464
5630,3092.78350515464,0.0,1931.26128865979,3711.34020618557,0.0,0.0,0.0,0.0,0.0,3092.78350515464
5631,3092.78350515464,0.0,1661.93628865979,3711.34020618557,0.0,0.0,0.0,0.0,0.0,3092.78350515464
5632,3092.78350515464,0.0,448.556288659793,3711.34020618557,0.0,0.0,0.0,0.0,0.0,3092.78350515464
5633,3092.78350515464,0.0,0.0,1196.01649484536,0.0,0.0,0.0,0.0,0.0,3092.78350515464
5634,0.0,0.0,0.0,0.0,0.0,0.0,3000.0,0.0,0.0,3000.0
5635,0.0,0.0,0.0,0.0,0.0,0.0,3000.0,0.0,0.0,3000.0
5636,0.0,0.0,0.0,0.0,0.0,0.0,3000.0,0.0,0.0,3000.0
5637,0.0,0.0,0.0,0.0,0.0,0.0,3000.0,0.0,0.0,3000.0
5638,0.0,0.0,0.0,0.0,0.0,0.0,3000.0,0.0,0.0,3000.0
5639,0.0,0.0,0.0,0.0,0.0,0.0,0.0,0.0,0.0,0.0
5640,0.0,0.0,0.0,0.0,0.0,0.0,0.0,0.0,0.0,0.0
5641,0.0,0.0,0.0,0.0,0.0,0.0,0.0,0.0,0.0,0.0
5642,0.0,0.0,0.0,0.0,0.0,0.0,0.0,0.0,0.0,0.0
5643,0.0,0.0,0.0,0.0,0.0,0.0,0.0,0.0,0.0,0.0
5644,0.0,0.0,0.0,0.0,0.0,0.0,0.0,0.0,0.0,0.0
5645,773.19587628866,0.0,-1.13686837721616e-13,2564.75412371134,0.0,0.0,0.0,0.0,0.0,773.19587628866
5646,3092.78350515464,0.0,1137.64128865979,3711.34020618557,0.0,0.0,0.0,0.0,0.0,3092.78350515464
5647,3092.78350515464,0.0,3117.77628865979,3711.34020618557,0.0,0.0,0.0,0.0,0.0,3092.78350515464
5648,3092.78350515464,0.0,4010.71128865979,3711.34020618557,0.0,0.0,0.0,0.0,0.0,3092.78350515464
5649,3092.78350515464,0.0,3844.24128865979,3711.34020618557,0.0,0.0,0.0,0.0,0.0,3092.78350515464
5650,3092.78350515464,0.0,2270.78628865979,3711.34020618557,0.0,0.0,0.0,0.0,0.0,3092.78350515464
5651,3092.78350515464,0.0,1404.34128865979,3711.34020618557,0.0,0.0,0.0,0.0,0.0,3092.78350515464
5652,3092.78350515464,0.0,0.0,2969.07649484536,0.0,0.0,0.0,0.0,0.0,3092.78350515464
5653,3092.78350515464,0.0,0.0,3659.19649484536,0.0,0.0,0.0,0.0,0.0,3092.78350515464
5654,3092.78350515464,0.0,68.3962886597938,3711.34020618557,0.0,0.0,0.0,0.0,0.0,3092.78350515464
5655,3092.78350515464,0.0,1595.05128865979,3711.34020618557,0.0,0.0,0.0,0.0,0.0,3092.78350515464
5656,3092.78350515464,0.0,0.0,2743.32649484536,0.0,0.0,0.0,0.0,0.0,3092.78350515464
5657,1699.155,0.0,0.0,0.0,0.0,0.0,1351.81965,0.0,0.0,3050.97465
5658,0.0,0.0,0.0,0.0,0.0,0.0,3000.0,0.0,0.0,3000.0
5659,0.0,0.0,0.0,0.0,0.0,0.0,3000.0,0.0,0.0,3000.0
5660,0.0,0.0,0.0,0.0,0.0,0.0,3000.0,0.0,0.0,3000.0
5661,0.0,0.0,0.0,0.0,0.0,0.0,3000.0,0.0,0.0,3000.0
5662,0.0,0.0,0.0,0.0,0.0,0.0,3000.0,0.0,0.0,3000.0
5663,0.0,0.0,0.0,0.0,0.0,0.0,0.0,0.0,0.0,0.0
5664,0.0,0.0,0.0,0.0,0.0,0.0,0.0,0.0,0.0,0.0
5665,0.0,0.0,0.0,0.0,0.0,0.0,0.0,0.0,0.0,0.0
5666,0.0,0.0,0.0,0.0,0.0,0.0,0.0,0.0,0.0,0.0
5667,0.0,0.0,0.0,0.0,0.0,0.0,0.0,0.0,0.0,0.0
5668,0.0,0.0,0.0,0.0,0.0,0.0,0.0,0.0,0.0,0.0
5669,21.8643,0.0,0.0,0.0,0.0,0.0,728.791629,0.0,0.0,750.6559289999999
5670,274.932,0.0,0.0,0.0,0.0,0.0,2733.31596,0.0,0.0,3008.2479599999997
5671,514.983,0.0,0.0,0.0,0.0,0.0,2500.46649,0.0,0.0,3015.44949
5672,727.668,0.0,0.0,0.0,0.0,0.0,2294.16204,0.0,0.0,3021.8300400000003
5673,1748.61,0.0,0.0,0.0,0.0,0.0,1303.8483,0.0,0.0,3052.4583000000002
5674,2853.045,0.0,0.0,0.0,0.0,0.0,232.546350000001,0.0,0.0,3085.591350000001
5675,3092.78350515464,0.0,1040.93628865979,3711.34020618557,0.0,0.0,0.0,0.0,0.0,3092.78350515464
5676,3092.78350515464,0.0,0.0,3657.29149484536,0.0,0.0,0.0,0.0,0.0,3092.78350515464
5677,3092.78350515464,0.0,119.591288659793,3711.34020618557,0.0,0.0,0.0,0.0,0.0,3092.78350515464
5678,3092.78350515464,0.0,0.0,466.31149484536,0.0,0.0,0.0,0.0,0.0,3092.78350515464
5679,3092.78350515464,0.0,0.0,980.36149484536,0.0,0.0,0.0,0.0,0.0,3092.78350515464
5680,3092.78350515464,0.0,0.0,915.60649484536,0.0,0.0,0.0,0.0,0.0,3092.78350515464
5681,3092.78350515464,0.0,0.0,1359.48649484536,0.0,0.0,0.0,0.0,0.0,3092.78350515464
5682,0.0,0.0,0.0,0.0,0.0,0.0,3000.0,0.0,0.0,3000.0
5683,0.0,0.0,0.0,0.0,0.0,0.0,3000.0,0.0,0.0,3000.0
5684,0.0,0.0,0.0,0.0,0.0,0.0,3000.0,0.0,0.0,3000.0
5685,0.0,0.0,0.0,0.0,0.0,0.0,3000.0,0.0,0.0,3000.0
5686,0.0,0.0,0.0,0.0,0.0,0.0,3000.0,0.0,0.0,3000.0
5687,0.0,0.0,0.0,0.0,0.0,0.0,0.0,0.0,0.0,0.0
5688,0.0,0.0,0.0,0.0,0.0,0.0,0.0,0.0,0.0,0.0
5689,0.0,0.0,0.0,0.0,0.0,0.0,0.0,0.0,0.0,0.0
5690,0.0,0.0,0.0,0.0,0.0,0.0,0.0,0.0,0.0,0.0
5691,0.0,0.0,0.0,0.0,0.0,0.0,0.0,0.0,0.0,0.0
5692,0.0,0.0,0.0,0.0,0.0,0.0,0.0,0.0,0.0,0.0
5693,773.19587628866,0.0,0.0,256.45812371134,0.0,0.0,0.0,0.0,0.0,773.19587628866
5694,3092.78350515464,0.0,1101.55128865979,3711.34020618557,0.0,0.0,0.0,0.0,0.0,3092.78350515464
5695,3092.78350515464,0.0,2274.77628865979,3711.34020618557,0.0,0.0,0.0,0.0,0.0,3092.78350515464
5696,3092.78350515464,0.0,809.051288659793,3711.34020618557,0.0,0.0,0.0,0.0,0.0,3092.78350515464
5697,3092.78350515464,0.0,2495.95128865979,3711.34020618557,0.0,0.0,0.0,0.0,0.0,3092.78350515464
5698,3092.78350515464,0.0,401.246288659793,3711.34020618557,0.0,0.0,0.0,0.0,0.0,3092.78350515464
5699,3092.78350515464,0.0,891.641288659793,3711.34020618557,0.0,0.0,0.0,0.0,0.0,3092.78350515464
5700,3092.78350515464,0.0,296.561288659794,3711.34020618557,0.0,0.0,0.0,0.0,0.0,3092.78350515464
5701,3092.78350515464,0.0,0.0,1999.94149484536,0.0,0.0,0.0,0.0,0.0,3092.78350515464
5702,3092.78350515464,0.0,29.5012886597933,3711.34020618557,0.0,0.0,0.0,0.0,0.0,3092.78350515464
5703,3092.78350515464,0.0,0.0,1851.56149484536,0.0,0.0,0.0,0.0,0.0,3092.78350515464
5704,3092.78350515464,0.0,0.0,2053.08649484536,0.0,0.0,0.0,0.0,0.0,3092.78350515464
5705,3092.78350515464,0.0,0.0,2045.67649484536,0.0,0.0,0.0,0.0,0.0,3092.78350515464
5706,0.0,0.0,0.0,0.0,0.0,0.0,3000.0,0.0,0.0,3000.0
5707,0.0,0.0,0.0,0.0,0.0,0.0,3000.0,0.0,0.0,3000.0
5708,0.0,0.0,0.0,0.0,0.0,0.0,3000.0,0.0,0.0,3000.0
5709,0.0,0.0,0.0,0.0,0.0,0.0,3000.0,0.0,0.0,3000.0
5710,0.0,0.0,0.0,0.0,0.0,0.0,3000.0,0.0,0.0,3000.0
5711,0.0,0.0,0.0,0.0,0.0,0.0,0.0,0.0,0.0,0.0
5712,0.0,0.0,0.0,0.0,0.0,0.0,0.0,0.0,0.0,0.0
5713,0.0,0.0,0.0,0.0,0.0,0.0,0.0,0.0,0.0,0.0
5714,0.0,0.0,0.0,0.0,0.0,0.0,0.0,0.0,0.0,0.0
5715,0.0,0.0,0.0,0.0,0.0,0.0,0.0,0.0,0.0,0.0
5716,0.0,0.0,0.0,0.0,0.0,0.0,0.0,0.0,0.0,0.0
5717,320.5575,0.0,0.0,0.0,0.0,0.0,439.059225,0.0,0.0,759.6167250000001
5718,719.055,0.0,0.0,0.0,0.0,0.0,2302.51665,0.0,0.0,3021.57165
5719,3092.78350515464,0.0,534.671288659793,3711.34020618557,0.0,0.0,0.0,0.0,0.0,3092.78350515464
5720,3092.78350515464,0.0,1087.40628865979,3711.34020618557,0.0,0.0,0.0,0.0,0.0,3092.78350515464
5721,3092.78350515464,0.0,0.0,2298.68149484536,0.0,0.0,0.0,0.0,0.0,3092.78350515464
5722,2600.385,0.0,0.0,0.0,0.0,0.0,477.62655,0.0,0.0,3078.01155
5723,1691.25,0.0,0.0,0.0,0.0,0.0,1359.4875,0.0,0.0,3050.7375
5724,1822.185,0.0,0.0,0.0,0.0,0.0,1232.48055,0.0,0.0,3054.6655499999997
5725,2044.68,0.0,0.0,0.0,0.0,0.0,1016.6604,0.0,0.0,3061.3404
5726,587.8635,0.0,0.0,0.0,0.0,0.0,2429.772405,0.0,0.0,3017.635905
5727,975.7845,0.0,0.0,0.0,0.0,0.0,2053.489035,0.0,0.0,3029.2735350000003
5728,673.6635,0.0,0.0,0.0,0.0,0.0,2346.546405,0.0,0.0,3020.209905
5729,175.7115,0.0,0.0,0.0,0.0,0.0,2829.559845,0.0,0.0,3005.271345
5730,0.0,0.0,0.0,0.0,0.0,0.0,3000.0,0.0,0.0,3000.0
5731,0.0,0.0,0.0,0.0,0.0,0.0,3000.0,0.0,0.0,3000.0
5732,0.0,0.0,0.0,0.0,0.0,0.0,3000.0,0.0,0.0,3000.0
5733,0.0,0.0,0.0,0.0,0.0,0.0,3000.0,0.0,0.0,3000.0
5734,0.0,0.0,0.0,0.0,0.0,0.0,3000.0,0.0,0.0,3000.0
5735,0.0,0.0,0.0,0.0,0.0,0.0,0.0,0.0,0.0,0.0
5736,0.0,0.0,0.0,0.0,0.0,0.0,0.0,0.0,0.0,0.0
5737,0.0,0.0,0.0,0.0,0.0,0.0,0.0,0.0,0.0,0.0
5738,0.0,0.0,0.0,0.0,0.0,0.0,0.0,0.0,0.0,0.0
5739,0.0,0.0,0.0,0.0,0.0,0.0,0.0,0.0,0.0,0.0
5740,0.0,0.0,0.0,0.0,0.0,0.0,0.0,0.0,0.0,0.0
5741,773.19587628866,0.0,-1.13686837721616e-13,1730.46912371134,0.0,0.0,0.0,0.0,0.0,773.19587628866
5742,3092.78350515464,0.0,808.631288659793,3711.34020618557,0.0,0.0,0.0,0.0,0.0,3092.78350515464
5743,3092.78350515464,0.0,3158.93628865979,3711.34020618557,0.0,0.0,0.0,0.0,0.0,3092.78350515464
5744,3092.78350515464,0.0,1993.88628865979,3711.34020618557,0.0,0.0,0.0,0.0,0.0,3092.78350515464
5745,3092.78350515464,0.0,1054.40628865979,3711.34020618557,0.0,0.0,0.0,0.0,0.0,3092.78350515464
5746,3092.78350515464,0.0,1609.09128865979,3711.34020618557,0.0,0.0,0.0,0.0,0.0,3092.78350515464
5747,3092.78350515464,0.0,0.0,2239.89649484536,0.0,0.0,0.0,0.0,0.0,3092.78350515464
5748,3092.78350515464,0.0,61.3162886597929,3711.34020618557,0.0,0.0,0.0,0.0,0.0,3092.78350515464
5749,3092.78350515464,0.0,0.0,2216.99149484536,0.0,0.0,0.0,0.0,0.0,3092.78350515464
5750,1369.7655,0.0,0.0,0.0,0.0,0.0,1671.327465,0.0,0.0,3041.092965
5751,3092.78350515464,0.0,0.0,2697.62149484536,0.0,0.0,0.0,0.0,0.0,3092.78350515464
5752,3092.78350515464,0.0,187.241288659793,3711.34020618557,0.0,0.0,0.0,0.0,0.0,3092.78350515464
5753,2926.77,0.0,0.0,0.0,0.0,0.0,161.0331,0.0,0.0,3087.8031
5754,0.0,0.0,0.0,0.0,0.0,0.0,3000.0,0.0,0.0,3000.0
5755,0.0,0.0,0.0,0.0,0.0,0.0,3000.0,0.0,0.0,3000.0
5756,0.0,0.0,0.0,0.0,0.0,0.0,3000.0,0.0,0.0,3000.0
5757,0.0,0.0,0.0,0.0,0.0,0.0,3000.0,0.0,0.0,3000.0
5758,0.0,0.0,0.0,0.0,0.0,0.0,3000.0,0.0,0.0,3000.0
5759,0.0,0.0,0.0,0.0,0.0,0.0,0.0,0.0,0.0,0.0
5760,0.0,0.0,0.0,0.0,0.0,0.0,0.0,0.0,0.0,0.0
5761,0.0,0.0,0.0,0.0,0.0,0.0,0.0,0.0,0.0,0.0
5762,0.0,0.0,0.0,0.0,0.0,0.0,0.0,0.0,0.0,0.0
5763,0.0,0.0,0.0,0.0,0.0,0.0,0.0,0.0,0.0,0.0
5764,0.0,0.0,0.0,0.0,0.0,0.0,0.0,0.0,0.0,0.0
5765,773.19587628866,0.0,-1.13686837721616e-13,1589.27412371134,0.0,0.0,0.0,0.0,0.0,773.19587628866
5766,3092.78350515464,0.0,1001.95128865979,3711.34020618557,0.0,0.0,0.0,0.0,0.0,3092.78350515464
5767,3092.78350515464,0.0,2936.96628865979,3711.34020618557,0.0,0.0,0.0,0.0,0.0,3092.78350515464
5768,3092.78350515464,0.0,3126.04128865979,3711.34020618557,0.0,0.0,0.0,0.0,0.0,3092.78350515464
5769,3092.78350515464,0.0,0.0,3050.27149484536,0.0,0.0,0.0,0.0,0.0,3092.78350515464
5770,3092.78350515464,0.0,258.551288659793,3711.34020618557,0.0,0.0,0.0,0.0,0.0,3092.78350515464
5771,1319.334,0.0,0.0,0.0,0.0,0.0,1720.24602,0.0,0.0,3039.5800200000003
5772,3092.78350515464,0.0,0.0,2943.02149484536,0.0,0.0,0.0,0.0,0.0,3092.78350515464
5773,3092.78350515464,0.0,598.016288659793,3711.34020618557,0.0,0.0,0.0,0.0,0.0,3092.78350515464
5774,3092.78350515464,0.0,1659.17628865979,3711.34020618557,0.0,0.0,0.0,0.0,0.0,3092.78350515464
5775,3092.78350515464,0.0,0.0,2114.00149484536,0.0,0.0,0.0,0.0,0.0,3092.78350515464
5776,3092.78350515464,0.0,112.121288659793,3711.34020618557,0.0,0.0,0.0,0.0,0.0,3092.78350515464
5777,3092.78350515464,0.0,0.0,642.11149484536,0.0,0.0,0.0,0.0,0.0,3092.78350515464
5778,0.0,0.0,0.0,0.0,0.0,0.0,3000.0,0.0,0.0,3000.0
5779,0.0,0.0,0.0,0.0,0.0,0.0,3000.0,0.0,0.0,3000.0
5780,0.0,0.0,0.0,0.0,0.0,0.0,3000.0,0.0,0.0,3000.0
5781,0.0,0.0,0.0,0.0,0.0,0.0,3000.0,0.0,0.0,3000.0
5782,0.0,0.0,0.0,0.0,0.0,0.0,3000.0,0.0,0.0,3000.0
5783,0.0,0.0,0.0,0.0,0.0,0.0,0.0,0.0,0.0,0.0
5784,0.0,0.0,0.0,0.0,0.0,0.0,0.0,0.0,0.0,0.0
5785,0.0,0.0,0.0,0.0,0.0,0.0,0.0,0.0,0.0,0.0
5786,0.0,0.0,0.0,0.0,0.0,0.0,0.0,0.0,0.0,0.0
5787,0.0,0.0,0.0,0.0,0.0,0.0,0.0,0.0,0.0,0.0
5788,0.0,0.0,0.0,0.0,0.0,0.0,0.0,0.0,0.0,0.0
5789,773.19587628866,0.0,-1.13686837721616e-13,1681.97412371134,0.0,0.0,0.0,0.0,0.0,773.19587628866
5790,3092.78350515464,0.0,1178.92128865979,3711.34020618557,0.0,0.0,0.0,0.0,0.0,3092.78350515464
5791,3092.78350515464,0.0,2296.46628865979,3711.34020618557,0.0,0.0,0.0,0.0,0.0,3092.78350515464
5792,3092.78350515464,0.0,2592.92628865979,3711.34020618557,0.0,0.0,0.0,0.0,0.0,3092.78350515464
5793,3092.78350515464,0.0,3069.62628865979,3711.34020618557,0.0,0.0,0.0,0.0,0.0,3092.78350515464
5794,1829.25,0.0,0.0,0.0,0.0,0.0,1225.6275,0.0,0.0,3054.8775
5795,3092.78350515464,0.0,0.0,2794.44649484536,0.0,0.0,0.0,0.0,0.0,3092.78350515464
5796,2965.095,0.0,0.0,0.0,0.0,0.0,123.85785,0.0,0.0,3088.9528499999997
5797,2631.735,0.0,0.0,0.0,0.0,0.0,447.21705,0.0,0.0,3078.95205
5798,1944.24,0.0,0.0,0.0,0.0,0.0,1114.0872,0.0,0.0,3058.3271999999997
5799,3092.78350515464,0.0,0.0,786.29149484536,0.0,0.0,0.0,0.0,0.0,3092.78350515464
5800,1432.1385,0.0,0.0,0.0,0.0,0.0,1610.825655,0.0,0.0,3042.964155
5801,38.09625,0.0,0.0,0.0,0.0,0.0,2963.0466375,0.0,0.0,3001.1428875
5802,0.0,0.0,0.0,0.0,0.0,0.0,3000.0,0.0,0.0,3000.0
5803,0.0,0.0,0.0,0.0,0.0,0.0,3000.0,0.0,0.0,3000.0
5804,0.0,0.0,0.0,0.0,0.0,0.0,3000.0,0.0,0.0,3000.0
5805,0.0,0.0,0.0,0.0,0.0,0.0,3000.0,0.0,0.0,3000.0
5806,0.0,0.0,0.0,0.0,0.0,0.0,3000.0,0.0,0.0,3000.0
5807,0.0,0.0,0.0,0.0,0.0,0.0,0.0,0.0,0.0,0.0
5808,0.0,0.0,0.0,0.0,0.0,0.0,0.0,0.0,0.0,0.0
5809,0.0,0.0,0.0,0.0,0.0,0.0,0.0,0.0,0.0,0.0
5810,0.0,0.0,0.0,0.0,0.0,0.0,0.0,0.0,0.0,0.0
5811,0.0,0.0,0.0,0.0,0.0,0.0,0.0,0.0,0.0,0.0
5812,0.0,0.0,0.0,0.0,0.0,0.0,0.0,0.0,0.0,0.0
5813,773.19587628866,0.0,0.0,66.99612371134,0.0,0.0,0.0,0.0,0.0,773.19587628866
5814,3092.78350515464,0.0,0.0,2454.71149484536,0.0,0.0,0.0,0.0,0.0,3092.78350515464
5815,3092.78350515464,0.0,0.0,3315.23149484536,0.0,0.0,0.0,0.0,0.0,3092.78350515464
5816,3092.78350515464,0.0,1085.80128865979,3711.34020618557,0.0,0.0,0.0,0.0,0.0,3092.78350515464
5817,3092.78350515464,0.0,0.0,1549.58149484536,0.0,0.0,0.0,0.0,0.0,3092.78350515464
5818,3092.78350515464,0.0,0.0,644.451494845361,0.0,0.0,0.0,0.0,0.0,3092.78350515464
5819,3092.78350515464,0.0,1984.27128865979,3711.34020618557,0.0,0.0,0.0,0.0,0.0,3092.78350515464
5820,3092.78350515464,0.0,1609.81128865979,3711.34020618557,0.0,0.0,0.0,0.0,0.0,3092.78350515464
5821,3092.78350515464,0.0,2059.45128865979,3711.34020618557,0.0,0.0,0.0,0.0,0.0,3092.78350515464
5822,3092.78350515464,0.0,2616.14628865979,3711.34020618557,0.0,0.0,0.0,0.0,0.0,3092.78350515464
5823,3092.78350515464,0.0,2780.24628865979,3711.34020618557,0.0,0.0,0.0,0.0,0.0,3092.78350515464
5824,3092.78350515464,0.0,1543.21128865979,3711.34020618557,0.0,0.0,0.0,0.0,0.0,3092.78350515464
5825,1931.655,0.0,0.0,0.0,0.0,0.0,1126.29465,0.0,0.0,3057.94965
5826,0.0,0.0,0.0,0.0,0.0,0.0,3000.0,0.0,0.0,3000.0
5827,0.0,0.0,0.0,0.0,0.0,0.0,3000.0,0.0,0.0,3000.0
5828,0.0,0.0,0.0,0.0,0.0,0.0,3000.0,0.0,0.0,3000.0
5829,0.0,0.0,0.0,0.0,0.0,0.0,3000.0,0.0,0.0,3000.0
5830,0.0,0.0,0.0,0.0,0.0,0.0,3000.0,0.0,0.0,3000.0
5831,0.0,0.0,0.0,0.0,0.0,0.0,0.0,0.0,0.0,0.0
5832,0.0,0.0,0.0,0.0,0.0,0.0,0.0,0.0,0.0,0.0
5833,0.0,0.0,0.0,0.0,0.0,0.0,0.0,0.0,0.0,0.0
5834,0.0,0.0,0.0,0.0,0.0,0.0,0.0,0.0,0.0,0.0
5835,0.0,0.0,0.0,0.0,0.0,0.0,0.0,0.0,0.0,0.0
5836,0.0,0.0,0.0,0.0,0.0,0.0,0.0,0.0,0.0,0.0
5837,773.19587628866,0.0,-1.13686837721616e-13,1810.82412371134,0.0,0.0,0.0,0.0,0.0,773.19587628866
5838,3092.78350515464,0.0,696.431288659793,3711.34020618557,0.0,0.0,0.0,0.0,0.0,3092.78350515464
5839,3092.78350515464,0.0,3718.25628865979,3711.34020618557,0.0,0.0,0.0,0.0,0.0,3092.78350515464
5840,3092.78350515464,0.0,4415.47128865979,3711.34020618557,0.0,0.0,0.0,0.0,0.0,3092.78350515464
5841,3092.78350515464,0.0,3855.37128865979,3711.34020618557,0.0,0.0,0.0,0.0,0.0,3092.78350515464
5842,3092.78350515464,0.0,1257.22128865979,3711.34020618557,0.0,0.0,0.0,0.0,0.0,3092.78350515464
5843,3092.78350515464,0.0,760.886288659794,3711.34020618557,0.0,0.0,0.0,0.0,0.0,3092.78350515464
5844,3092.78350515464,0.0,419.441288659793,3711.34020618557,0.0,0.0,0.0,0.0,0.0,3092.78350515464
5845,3092.78350515464,0.0,237.236288659793,3711.34020618557,0.0,0.0,0.0,0.0,0.0,3092.78350515464
5846,3092.78350515464,0.0,2471.38128865979,3711.34020618557,0.0,0.0,0.0,0.0,0.0,3092.78350515464
5847,3092.78350515464,0.0,2482.61628865979,3711.34020618557,0.0,0.0,0.0,0.0,0.0,3092.78350515464
5848,3092.78350515464,0.0,0.0,3119.36149484536,0.0,0.0,0.0,0.0,0.0,3092.78350515464
5849,1279.0665,0.0,0.0,0.0,0.0,0.0,1759.305495,0.0,0.0,3038.371995
5850,0.0,0.0,0.0,0.0,0.0,0.0,3000.0,0.0,0.0,3000.0
5851,0.0,0.0,0.0,0.0,0.0,0.0,3000.0,0.0,0.0,3000.0
5852,0.0,0.0,0.0,0.0,0.0,0.0,3000.0,0.0,0.0,3000.0
5853,0.0,0.0,0.0,0.0,0.0,0.0,3000.0,0.0,0.0,3000.0
5854,0.0,0.0,0.0,0.0,0.0,0.0,3000.0,0.0,0.0,3000.0
5855,0.0,0.0,0.0,0.0,0.0,0.0,0.0,0.0,0.0,0.0
5856,0.0,0.0,0.0,0.0,0.0,0.0,0.0,0.0,0.0,0.0
5857,0.0,0.0,0.0,0.0,0.0,0.0,0.0,0.0,0.0,0.0
5858,0.0,0.0,0.0,0.0,0.0,0.0,0.0,0.0,0.0,0.0
5859,0.0,0.0,0.0,0.0,0.0,0.0,0.0,0.0,0.0,0.0
5860,0.0,0.0,0.0,0.0,0.0,0.0,0.0,0.0,0.0,0.0
5861,773.19587628866,0.0,0.0,436.65012371134,0.0,0.0,0.0,0.0,0.0,773.19587628866
5862,3092.78350515464,0.0,0.0,2590.25149484536,0.0,0.0,0.0,0.0,0.0,3092.78350515464
5863,3092.78350515464,0.0,0.0,1338.60649484536,0.0,0.0,0.0,0.0,0.0,3092.78350515464
5864,3092.78350515464,0.0,0.0,1133.60149484536,0.0,0.0,0.0,0.0,0.0,3092.78350515464
5865,3092.78350515464,0.0,1445.57628865979,3711.34020618557,0.0,0.0,0.0,0.0,0.0,3092.78350515464
5866,3092.78350515464,0.0,53.3062886597927,3711.34020618557,0.0,0.0,0.0,0.0,0.0,3092.78350515464
5867,3092.78350515464,0.0,0.0,3002.61649484536,0.0,0.0,0.0,0.0,0.0,3092.78350515464
5868,3092.78350515464,0.0,404.156288659793,3711.34020618557,0.0,0.0,0.0,0.0,0.0,3092.78350515464
5869,800.5575,0.0,0.0,0.0,0.0,0.0,2223.459225,0.0,0.0,3024.016725
5870,3092.78350515464,0.0,195.026288659793,3711.34020618557,0.0,0.0,0.0,0.0,0.0,3092.78350515464
5871,1842.27,0.0,0.0,0.0,0.0,0.0,1212.9981,0.0,0.0,3055.2681000000002
5872,86.04285,0.0,0.0,0.0,0.0,0.0,2916.5384355,0.0,0.0,3002.5812855
5873,270.3465,0.0,0.0,0.0,0.0,0.0,2737.763895,0.0,0.0,3008.110395
5874,0.0,0.0,0.0,0.0,0.0,0.0,3000.0,0.0,0.0,3000.0
5875,0.0,0.0,0.0,0.0,0.0,0.0,3000.0,0.0,0.0,3000.0
5876,0.0,0.0,0.0,0.0,0.0,0.0,3000.0,0.0,0.0,3000.0
5877,0.0,0.0,0.0,0.0,0.0,0.0,3000.0,0.0,0.0,3000.0
5878,0.0,0.0,0.0,0.0,0.0,0.0,3000.0,0.0,0.0,3000.0
5879,0.0,0.0,0.0,0.0,0.0,0.0,0.0,0.0,0.0,0.0
5880,0.0,0.0,0.0,0.0,0.0,0.0,0.0,0.0,0.0,0.0
5881,0.0,0.0,0.0,0.0,0.0,0.0,0.0,0.0,0.0,0.0
5882,0.0,0.0,0.0,0.0,0.0,0.0,0.0,0.0,0.0,0.0
5883,0.0,0.0,0.0,0.0,0.0,0.0,0.0,0.0,0.0,0.0
5884,0.0,0.0,0.0,0.0,0.0,0.0,0.0,0.0,0.0,0.0
5885,773.19587628866,0.0,0.0,1003.77912371134,0.0,0.0,0.0,0.0,0.0,773.19587628866
5886,836.571,0.0,0.0,0.0,0.0,0.0,2188.52613,0.0,0.0,3025.09713
5887,654.399,0.0,0.0,0.0,0.0,0.0,2365.23297,0.0,0.0,3019.63197
5888,2298.975,0.0,0.0,0.0,0.0,0.0,769.99425,0.0,0.0,3068.96925
5889,3083.385,0.0,0.0,0.0,0.0,0.0,9.11654999999973,0.0,0.0,3092.50155
5890,2145.345,0.0,0.0,0.0,0.0,0.0,919.01535,0.0,0.0,3064.36035
5891,3092.78350515464,0.0,0.0,1179.48649484536,0.0,0.0,0.0,0.0,0.0,3092.78350515464
5892,3092.78350515464,0.0,0.0,1050.20149484536,0.0,0.0,0.0,0.0,0.0,3092.78350515464
5893,3092.78350515464,0.0,0.0,826.401494845361,0.0,0.0,0.0,0.0,0.0,3092.78350515464
5894,751.659,0.0,0.0,0.0,0.0,0.0,2270.89077,0.0,0.0,3022.54977
5895,3092.78350515464,0.0,2169.05628865979,3711.34020618557,0.0,0.0,0.0,0.0,0.0,3092.78350515464
5896,3092.78350515464,0.0,0.0,3076.32649484536,0.0,0.0,0.0,0.0,0.0,3092.78350515464
5897,1169.1705,0.0,0.0,0.0,0.0,0.0,1865.904615,0.0,0.0,3035.0751149999996
5898,0.0,0.0,0.0,0.0,0.0,0.0,3000.0,0.0,0.0,3000.0
5899,0.0,0.0,0.0,0.0,0.0,0.0,3000.0,0.0,0.0,3000.0
5900,0.0,0.0,0.0,0.0,0.0,0.0,3000.0,0.0,0.0,3000.0
5901,0.0,0.0,0.0,0.0,0.0,0.0,3000.0,0.0,0.0,3000.0
5902,0.0,0.0,0.0,0.0,0.0,0.0,3000.0,0.0,0.0,3000.0
5903,0.0,0.0,0.0,0.0,0.0,0.0,0.0,0.0,0.0,0.0
5904,0.0,0.0,0.0,0.0,0.0,0.0,0.0,0.0,0.0,0.0
5905,0.0,0.0,0.0,0.0,0.0,0.0,0.0,0.0,0.0,0.0
5906,0.0,0.0,0.0,0.0,0.0,0.0,0.0,0.0,0.0,0.0
5907,0.0,0.0,0.0,0.0,0.0,0.0,0.0,0.0,0.0,0.0
5908,0.0,0.0,0.0,0.0,0.0,0.0,0.0,0.0,0.0,0.0
5909,773.19587628866,0.0,-1.13686837721616e-13,2130.38412371134,0.0,0.0,0.0,0.0,0.0,773.19587628866
5910,3092.78350515464,0.0,1535.62128865979,3711.34020618557,0.0,0.0,0.0,0.0,0.0,3092.78350515464
5911,3092.78350515464,0.0,0.0,1756.83649484536,0.0,0.0,0.0,0.0,0.0,3092.78350515464
5912,3092.78350515464,0.0,4508.35128865979,3711.34020618557,0.0,0.0,0.0,0.0,0.0,3092.78350515464
5913,3092.78350515464,0.0,4136.65128865979,3711.34020618557,0.0,0.0,0.0,0.0,0.0,3092.78350515464
5914,3092.78350515464,0.0,2821.64628865979,3711.34020618557,0.0,0.0,0.0,0.0,0.0,3092.78350515464
5915,3092.78350515464,0.0,1409.51628865979,3711.34020618557,0.0,0.0,0.0,0.0,0.0,3092.78350515464
5916,3092.78350515464,0.0,653.186288659793,3711.34020618557,0.0,0.0,0.0,0.0,0.0,3092.78350515464
5917,3092.78350515464,0.0,0.0,2733.36649484536,0.0,0.0,0.0,0.0,0.0,3092.78350515464
5918,3092.78350515464,0.0,539.606288659793,3711.34020618557,0.0,0.0,0.0,0.0,0.0,3092.78350515464
5919,3092.78350515464,0.0,2134.25628865979,3711.34020618557,0.0,0.0,0.0,0.0,0.0,3092.78350515464
5920,3092.78350515464,0.0,767.006288659793,3711.34020618557,0.0,0.0,0.0,0.0,0.0,3092.78350515464
5921,1017.234,0.0,0.0,0.0,0.0,0.0,2013.28302,0.0,0.0,3030.5170200000002
5922,0.0,0.0,0.0,0.0,0.0,0.0,3000.0,0.0,0.0,3000.0
5923,0.0,0.0,0.0,0.0,0.0,0.0,3000.0,0.0,0.0,3000.0
5924,0.0,0.0,0.0,0.0,0.0,0.0,3000.0,0.0,0.0,3000.0
5925,0.0,0.0,0.0,0.0,0.0,0.0,3000.0,0.0,0.0,3000.0
5926,0.0,0.0,0.0,0.0,0.0,0.0,3000.0,0.0,0.0,3000.0
5927,0.0,0.0,0.0,0.0,0.0,0.0,0.0,0.0,0.0,0.0
5928,0.0,0.0,0.0,0.0,0.0,0.0,0.0,0.0,0.0,0.0
5929,0.0,0.0,0.0,0.0,0.0,0.0,0.0,0.0,0.0,0.0
5930,0.0,0.0,0.0,0.0,0.0,0.0,0.0,0.0,0.0,0.0
5931,0.0,0.0,0.0,0.0,0.0,0.0,0.0,0.0,0.0,0.0
5932,0.0,0.0,0.0,0.0,0.0,0.0,0.0,0.0,0.0,0.0
5933,280.6695,0.0,0.0,0.0,0.0,0.0,477.750585,0.0,0.0,758.420085
5934,3092.78350515464,0.0,0.0,3187.25149484536,0.0,0.0,0.0,0.0,0.0,3092.78350515464
5935,3092.78350515464,0.0,1322.32128865979,3711.34020618557,0.0,0.0,0.0,0.0,0.0,3092.78350515464
5936,3092.78350515464,0.0,0.0,3463.85149484536,0.0,0.0,0.0,0.0,0.0,3092.78350515464
5937,3092.78350515464,0.0,0.0,1754.48149484536,0.0,0.0,0.0,0.0,0.0,3092.78350515464
5938,3092.78350515464,0.0,0.0,557.13649484536,0.0,0.0,0.0,0.0,0.0,3092.78350515464
5939,3092.78350515464,0.0,0.0,3074.91649484536,0.0,0.0,0.0,0.0,0.0,3092.78350515464
5940,3092.78350515464,0.0,0.0,1039.38649484536,0.0,0.0,0.0,0.0,0.0,3092.78350515464
5941,3092.78350515464,0.0,0.0,1164.86149484536,0.0,0.0,0.0,0.0,0.0,3092.78350515464
5942,2353.335,0.0,0.0,0.0,0.0,0.0,717.26505,0.0,0.0,3070.60005
5943,3092.78350515464,0.0,0.0,258.651494845361,0.0,0.0,0.0,0.0,0.0,3092.78350515464
5944,3092.78350515464,0.0,0.0,3579.33649484536,0.0,0.0,0.0,0.0,0.0,3092.78350515464
5945,1376.901,0.0,0.0,0.0,0.0,0.0,1664.40603,0.0,0.0,3041.30703
5946,0.0,0.0,0.0,0.0,0.0,0.0,3000.0,0.0,0.0,3000.0
5947,0.0,0.0,0.0,0.0,0.0,0.0,3000.0,0.0,0.0,3000.0
5948,0.0,0.0,0.0,0.0,0.0,0.0,3000.0,0.0,0.0,3000.0
5949,0.0,0.0,0.0,0.0,0.0,0.0,3000.0,0.0,0.0,3000.0
5950,0.0,0.0,0.0,0.0,0.0,0.0,3000.0,0.0,0.0,3000.0
5951,0.0,0.0,0.0,0.0,0.0,0.0,0.0,0.0,0.0,0.0
5952,0.0,0.0,0.0,0.0,0.0,0.0,0.0,0.0,0.0,0.0
5953,0.0,0.0,0.0,0.0,0.0,0.0,0.0,0.0,0.0,0.0
5954,0.0,0.0,0.0,0.0,0.0,0.0,0.0,0.0,0.0,0.0
5955,0.0,0.0,0.0,0.0,0.0,0.0,0.0,0.0,0.0,0.0
5956,0.0,0.0,0.0,0.0,0.0,0.0,0.0,0.0,0.0,0.0
5957,0.0,0.0,0.0,0.0,0.0,0.0,750.0,0.0,0.0,750.0
5958,3092.78350515464,0.0,1225.57128865979,3711.34020618557,0.0,0.0,0.0,0.0,0.0,3092.78350515464
5959,3092.78350515464,0.0,3215.38128865979,3711.34020618557,0.0,0.0,0.0,0.0,0.0,3092.78350515464
5960,3092.78350515464,0.0,3994.81128865979,3711.34020618557,0.0,0.0,0.0,0.0,0.0,3092.78350515464
5961,3092.78350515464,0.0,3971.72628865979,3711.34020618557,0.0,0.0,0.0,0.0,0.0,3092.78350515464
5962,3092.78350515464,0.0,2985.82128865979,3711.34020618557,0.0,0.0,0.0,0.0,0.0,3092.78350515464
5963,3092.78350515464,0.0,1669.87128865979,3711.34020618557,0.0,0.0,0.0,0.0,0.0,3092.78350515464
5964,3092.78350515464,0.0,1195.94628865979,3711.34020618557,0.0,0.0,0.0,0.0,0.0,3092.78350515464
5965,3092.78350515464,0.0,1436.20128865979,3711.34020618557,0.0,0.0,0.0,0.0,0.0,3092.78350515464
5966,3092.78350515464,0.0,2359.34628865979,3711.34020618557,0.0,0.0,0.0,0.0,0.0,3092.78350515464
5967,2843.355,0.0,0.0,0.0,0.0,0.0,241.94565,0.0,0.0,3085.30065
5968,1791.66,0.0,0.0,0.0,0.0,0.0,1262.0898,0.0,0.0,3053.7498
5969,9.541695,0.0,0.0,0.0,0.0,0.0,2990.74455585,0.0,0.0,3000.2862508499998
5970,0.0,0.0,0.0,0.0,0.0,0.0,3000.0,0.0,0.0,3000.0
5971,0.0,0.0,0.0,0.0,0.0,0.0,3000.0,0.0,0.0,3000.0
5972,0.0,0.0,0.0,0.0,0.0,0.0,3000.0,0.0,0.0,3000.0
5973,0.0,0.0,0.0,0.0,0.0,0.0,3000.0,0.0,0.0,3000.0
5974,0.0,0.0,0.0,0.0,0.0,0.0,3000.0,0.0,0.0,3000.0
5975,0.0,0.0,0.0,0.0,0.0,0.0,0.0,0.0,0.0,0.0
5976,0.0,0.0,0.0,0.0,0.0,0.0,0.0,0.0,0.0,0.0
5977,0.0,0.0,0.0,0.0,0.0,0.0,0.0,0.0,0.0,0.0
5978,0.0,0.0,0.0,0.0,0.0,0.0,0.0,0.0,0.0,0.0
5979,0.0,0.0,0.0,0.0,0.0,0.0,0.0,0.0,0.0,0.0
5980,0.0,0.0,0.0,0.0,0.0,0.0,0.0,0.0,0.0,0.0
5981,0.0,0.0,0.0,0.0,0.0,0.0,750.0,0.0,0.0,750.0
5982,1233.9585,0.0,0.0,0.0,0.0,0.0,1803.060255,0.0,0.0,3037.018755
5983,3092.78350515464,0.0,0.0,1541.09149484536,0.0,0.0,0.0,0.0,0.0,3092.78350515464
5984,3092.78350515464,0.0,0.0,2210.81149484536,0.0,0.0,0.0,0.0,0.0,3092.78350515464
5985,3092.78350515464,0.0,0.0,1355.81149484536,0.0,0.0,0.0,0.0,0.0,3092.78350515464
5986,3092.78350515464,0.0,0.0,1416.81649484536,0.0,0.0,0.0,0.0,0.0,3092.78350515464
5987,3092.78350515464,0.0,0.0,3044.22649484536,0.0,0.0,0.0,0.0,0.0,3092.78350515464
5988,2878.695,0.0,0.0,0.0,0.0,0.0,207.66585,0.0,0.0,3086.36085
5989,936.6555,0.0,0.0,0.0,0.0,0.0,2091.444165,0.0,0.0,3028.0996649999997
5990,1024.9455,0.0,0.0,0.0,0.0,0.0,2005.802865,0.0,0.0,3030.7483650000004
5991,2325.09,0.0,0.0,0.0,0.0,0.0,744.6627,0.0,0.0,3069.7527
5992,3092.78350515464,0.0,0.0,1810.28149484536,0.0,0.0,0.0,0.0,0.0,3092.78350515464
5993,344.0865,0.0,0.0,0.0,0.0,0.0,2666.236095,0.0,0.0,3010.322595
5994,0.0,0.0,0.0,0.0,0.0,0.0,3000.0,0.0,0.0,3000.0
5995,0.0,0.0,0.0,0.0,0.0,0.0,3000.0,0.0,0.0,3000.0
5996,0.0,0.0,0.0,0.0,0.0,0.0,3000.0,0.0,0.0,3000.0
5997,0.0,0.0,0.0,0.0,0.0,0.0,3000.0,0.0,0.0,3000.0
5998,0.0,0.0,0.0,0.0,0.0,0.0,3000.0,0.0,0.0,3000.0
5999,0.0,0.0,0.0,0.0,0.0,0.0,0.0,0.0,0.0,0.0
6000,0.0,0.0,0.0,0.0,0.0,0.0,0.0,0.0,0.0,0.0
6001,0.0,0.0,0.0,0.0,0.0,0.0,0.0,0.0,0.0,0.0
6002,0.0,0.0,0.0,0.0,0.0,0.0,0.0,0.0,0.0,0.0
6003,0.0,0.0,0.0,0.0,0.0,0.0,0.0,0.0,0.0,0.0
6004,0.0,0.0,0.0,0.0,0.0,0.0,0.0,0.0,0.0,0.0
6005,0.0,0.0,0.0,0.0,0.0,0.0,750.0,0.0,0.0,750.0
6006,3092.78350515464,0.0,979.571288659793,3711.34020618557,0.0,0.0,0.0,0.0,0.0,3092.78350515464
6007,3092.78350515464,0.0,3452.11128865979,3711.34020618557,0.0,0.0,0.0,0.0,0.0,3092.78350515464
6008,3092.78350515464,0.0,4298.57628865979,3711.34020618557,0.0,0.0,0.0,0.0,0.0,3092.78350515464
6009,2471.1,0.0,0.0,0.0,0.0,0.0,603.033,0.0,0.0,3074.133
6010,2196.9,0.0,0.0,0.0,0.0,0.0,869.007,0.0,0.0,3065.907
6011,2595.78,0.0,0.0,0.0,0.0,0.0,482.0934,0.0,0.0,3077.8734000000004
6012,1787.715,0.0,0.0,0.0,0.0,0.0,1265.91645,0.0,0.0,3053.63145
6013,3092.78350515464,0.0,0.0,467.18149484536,0.0,0.0,0.0,0.0,0.0,3092.78350515464
6014,2271.435,0.0,0.0,0.0,0.0,0.0,796.70805,0.0,0.0,3068.1430499999997
6015,932.919,0.0,0.0,0.0,0.0,0.0,2095.06857,0.0,0.0,3027.98757
6016,2513.745,0.0,0.0,0.0,0.0,0.0,561.66735,0.0,0.0,3075.41235
6017,38.0778,0.0,0.0,0.0,0.0,0.0,2963.064534,0.0,0.0,3001.142334
6018,0.0,0.0,0.0,0.0,0.0,0.0,3000.0,0.0,0.0,3000.0
6019,0.0,0.0,0.0,0.0,0.0,0.0,3000.0,0.0,0.0,3000.0
6020,0.0,0.0,0.0,0.0,0.0,0.0,3000.0,0.0,0.0,3000.0
6021,0.0,0.0,0.0,0.0,0.0,0.0,3000.0,0.0,0.0,3000.0
6022,0.0,0.0,0.0,0.0,0.0,0.0,3000.0,0.0,0.0,3000.0
6023,0.0,0.0,0.0,0.0,0.0,0.0,0.0,0.0,0.0,0.0
6024,0.0,0.0,0.0,0.0,0.0,0.0,0.0,0.0,0.0,0.0
6025,0.0,0.0,0.0,0.0,0.0,0.0,0.0,0.0,0.0,0.0
6026,0.0,0.0,0.0,0.0,0.0,0.0,0.0,0.0,0.0,0.0
6027,0.0,0.0,0.0,0.0,0.0,0.0,0.0,0.0,0.0,0.0
6028,0.0,0.0,0.0,0.0,0.0,0.0,0.0,0.0,0.0,0.0
6029,0.0,0.0,0.0,0.0,0.0,0.0,750.0,0.0,0.0,750.0
6030,3092.78350515464,0.0,0.0,207.201494845361,0.0,0.0,0.0,0.0,0.0,3092.78350515464
6031,3092.78350515464,0.0,2768.05128865979,3711.34020618557,0.0,0.0,0.0,0.0,0.0,3092.78350515464
6032,3092.78350515464,0.0,0.0,1694.75149484536,0.0,0.0,0.0,0.0,0.0,3092.78350515464
6033,3092.78350515464,0.0,3437.80128865979,3711.34020618557,0.0,0.0,0.0,0.0,0.0,3092.78350515464
6034,3092.78350515464,0.0,2869.42128865979,3711.34020618557,0.0,0.0,0.0,0.0,0.0,3092.78350515464
6035,3092.78350515464,0.0,1507.01628865979,3711.34020618557,0.0,0.0,0.0,0.0,0.0,3092.78350515464
6036,3092.78350515464,0.0,947.816288659793,3711.34020618557,0.0,0.0,0.0,0.0,0.0,3092.78350515464
6037,3092.78350515464,0.0,1214.14128865979,3711.34020618557,0.0,0.0,0.0,0.0,0.0,3092.78350515464
6038,3092.78350515464,0.0,1962.20628865979,3711.34020618557,0.0,0.0,0.0,0.0,0.0,3092.78350515464
6039,3092.78350515464,0.0,611.441288659793,3711.34020618557,0.0,0.0,0.0,0.0,0.0,3092.78350515464
6040,3092.78350515464,0.0,271.391288659793,3711.34020618557,0.0,0.0,0.0,0.0,0.0,3092.78350515464
6041,0.0,0.0,0.0,0.0,0.0,0.0,3000.0,0.0,0.0,3000.0
6042,0.0,0.0,0.0,0.0,0.0,0.0,3000.0,0.0,0.0,3000.0
6043,0.0,0.0,0.0,0.0,0.0,0.0,3000.0,0.0,0.0,3000.0
6044,0.0,0.0,0.0,0.0,0.0,0.0,3000.0,0.0,0.0,3000.0
6045,0.0,0.0,0.0,0.0,0.0,0.0,3000.0,0.0,0.0,3000.0
6046,0.0,0.0,0.0,0.0,0.0,0.0,3000.0,0.0,0.0,3000.0
6047,0.0,0.0,0.0,0.0,0.0,0.0,0.0,0.0,0.0,0.0
6048,0.0,0.0,0.0,0.0,0.0,0.0,0.0,0.0,0.0,0.0
6049,0.0,0.0,0.0,0.0,0.0,0.0,0.0,0.0,0.0,0.0
6050,0.0,0.0,0.0,0.0,0.0,0.0,0.0,0.0,0.0,0.0
6051,0.0,0.0,0.0,0.0,0.0,0.0,0.0,0.0,0.0,0.0
6052,0.0,0.0,0.0,0.0,0.0,0.0,0.0,0.0,0.0,0.0
6053,0.0,0.0,0.0,0.0,0.0,0.0,750.0,0.0,0.0,750.0
6054,3092.78350515464,0.0,0.0,3468.12649484536,0.0,0.0,0.0,0.0,0.0,3092.78350515464
6055,3092.78350515464,0.0,2263.43628865979,3711.34020618557,0.0,0.0,0.0,0.0,0.0,3092.78350515464
6056,3092.78350515464,0.0,3466.58628865979,3711.34020618557,0.0,0.0,0.0,0.0,0.0,3092.78350515464
6057,3092.78350515464,0.0,3282.29628865979,3711.34020618557,0.0,0.0,0.0,0.0,0.0,3092.78350515464
6058,3092.78350515464,0.0,2151.65628865979,3711.34020618557,0.0,0.0,0.0,0.0,0.0,3092.78350515464
6059,3092.78350515464,0.0,420.971288659794,3711.34020618557,0.0,0.0,0.0,0.0,0.0,3092.78350515464
6060,3092.78350515464,0.0,0.0,2858.63149484536,0.0,0.0,0.0,0.0,0.0,3092.78350515464
6061,3092.78350515464,0.0,0.0,2941.26649484536,0.0,0.0,0.0,0.0,0.0,3092.78350515464
6062,3092.78350515464,0.0,0.0,2417.97649484536,0.0,0.0,0.0,0.0,0.0,3092.78350515464
6063,3092.78350515464,0.0,0.0,3009.89149484536,0.0,0.0,0.0,0.0,0.0,3092.78350515464
6064,3092.78350515464,0.0,0.0,2803.31149484536,0.0,0.0,0.0,0.0,0.0,3092.78350515464
6065,0.0,0.0,0.0,0.0,0.0,0.0,3000.0,0.0,0.0,3000.0
6066,0.0,0.0,0.0,0.0,0.0,0.0,3000.0,0.0,0.0,3000.0
6067,0.0,0.0,0.0,0.0,0.0,0.0,3000.0,0.0,0.0,3000.0
6068,0.0,0.0,0.0,0.0,0.0,0.0,3000.0,0.0,0.0,3000.0
6069,0.0,0.0,0.0,0.0,0.0,0.0,3000.0,0.0,0.0,3000.0
6070,0.0,0.0,0.0,0.0,0.0,0.0,3000.0,0.0,0.0,3000.0
6071,0.0,0.0,0.0,0.0,0.0,0.0,0.0,0.0,0.0,0.0
6072,0.0,0.0,0.0,0.0,0.0,0.0,0.0,0.0,0.0,0.0
6073,0.0,0.0,0.0,0.0,0.0,0.0,0.0,0.0,0.0,0.0
6074,0.0,0.0,0.0,0.0,0.0,0.0,0.0,0.0,0.0,0.0
6075,0.0,0.0,0.0,0.0,0.0,0.0,0.0,0.0,0.0,0.0
6076,0.0,0.0,0.0,0.0,0.0,0.0,0.0,0.0,0.0,0.0
6077,0.0,0.0,0.0,0.0,0.0,0.0,750.0,0.0,0.0,750.0
6078,3092.78350515464,0.0,0.0,2509.71649484536,0.0,0.0,0.0,0.0,0.0,3092.78350515464
6079,3092.78350515464,0.0,1150.16628865979,3711.34020618557,0.0,0.0,0.0,0.0,0.0,3092.78350515464
6080,3092.78350515464,0.0,1896.28128865979,3711.34020618557,0.0,0.0,0.0,0.0,0.0,3092.78350515464
6081,3092.78350515464,0.0,910.616288659793,3711.34020618557,0.0,0.0,0.0,0.0,0.0,3092.78350515464
6082,3092.78350515464,0.0,0.0,2736.00649484536,0.0,0.0,0.0,0.0,0.0,3092.78350515464
6083,3092.78350515464,0.0,0.0,2046.92149484536,0.0,0.0,0.0,0.0,0.0,3092.78350515464
6084,3092.78350515464,0.0,104.336288659793,3711.34020618557,0.0,0.0,0.0,0.0,0.0,3092.78350515464
6085,3092.78350515464,0.0,0.0,1477.34149484536,0.0,0.0,0.0,0.0,0.0,3092.78350515464
6086,3092.78350515464,0.0,0.0,3119.91649484536,0.0,0.0,0.0,0.0,0.0,3092.78350515464
6087,3092.78350515464,0.0,0.0,2250.06649484536,0.0,0.0,0.0,0.0,0.0,3092.78350515464
6088,1755.45,0.0,0.0,0.0,0.0,0.0,1297.2135,0.0,0.0,3052.6635
6089,0.0,0.0,0.0,0.0,0.0,0.0,3000.0,0.0,0.0,3000.0
6090,0.0,0.0,0.0,0.0,0.0,0.0,3000.0,0.0,0.0,3000.0
6091,0.0,0.0,0.0,0.0,0.0,0.0,3000.0,0.0,0.0,3000.0
6092,0.0,0.0,0.0,0.0,0.0,0.0,3000.0,0.0,0.0,3000.0
6093,0.0,0.0,0.0,0.0,0.0,0.0,3000.0,0.0,0.0,3000.0
6094,0.0,0.0,0.0,0.0,0.0,0.0,3000.0,0.0,0.0,3000.0
6095,0.0,0.0,0.0,0.0,0.0,0.0,0.0,0.0,0.0,0.0
6096,0.0,0.0,0.0,0.0,0.0,0.0,0.0,0.0,0.0,0.0
6097,0.0,0.0,0.0,0.0,0.0,0.0,0.0,0.0,0.0,0.0
6098,0.0,0.0,0.0,0.0,0.0,0.0,0.0,0.0,0.0,0.0
6099,0.0,0.0,0.0,0.0,0.0,0.0,0.0,0.0,0.0,0.0
6100,0.0,0.0,0.0,0.0,0.0,0.0,0.0,0.0,0.0,0.0
6101,0.0,0.0,0.0,0.0,0.0,0.0,750.0,0.0,0.0,750.0
6102,3092.78350515464,0.0,0.0,2848.32649484536,0.0,0.0,0.0,0.0,0.0,3092.78350515464
6103,3092.78350515464,0.0,2328.79128865979,3711.34020618557,0.0,0.0,0.0,0.0,0.0,3092.78350515464
6104,3092.78350515464,0.0,3496.97628865979,3711.34020618557,0.0,0.0,0.0,0.0,0.0,3092.78350515464
6105,3092.78350515464,0.0,3224.78628865979,3711.34020618557,0.0,0.0,0.0,0.0,0.0,3092.78350515464
6106,3092.78350515464,0.0,2281.81128865979,3711.34020618557,0.0,0.0,0.0,0.0,0.0,3092.78350515464
6107,3092.78350515464,0.0,906.866288659793,3711.34020618557,0.0,0.0,0.0,0.0,0.0,3092.78350515464
6108,3092.78350515464,0.0,624.251288659793,3711.34020618557,0.0,0.0,0.0,0.0,0.0,3092.78350515464
6109,3092.78350515464,0.0,1036.79628865979,3711.34020618557,0.0,0.0,0.0,0.0,0.0,3092.78350515464
6110,3092.78350515464,0.0,1469.17128865979,3711.34020618557,0.0,0.0,0.0,0.0,0.0,3092.78350515464
6111,3092.78350515464,0.0,1214.71128865979,3711.34020618557,0.0,0.0,0.0,0.0,0.0,3092.78350515464
6112,3092.78350515464,0.0,0.0,2422.74649484536,0.0,0.0,0.0,0.0,0.0,3092.78350515464
6113,0.0,0.0,0.0,0.0,0.0,0.0,3000.0,0.0,0.0,3000.0
6114,0.0,0.0,0.0,0.0,0.0,0.0,3000.0,0.0,0.0,3000.0
6115,0.0,0.0,0.0,0.0,0.0,0.0,3000.0,0.0,0.0,3000.0
6116,0.0,0.0,0.0,0.0,0.0,0.0,3000.0,0.0,0.0,3000.0
6117,0.0,0.0,0.0,0.0,0.0,0.0,3000.0,0.0,0.0,3000.0
6118,0.0,0.0,0.0,0.0,0.0,0.0,3000.0,0.0,0.0,3000.0
6119,0.0,0.0,0.0,0.0,0.0,0.0,0.0,0.0,0.0,0.0
6120,0.0,0.0,0.0,0.0,0.0,0.0,0.0,0.0,0.0,0.0
6121,0.0,0.0,0.0,0.0,0.0,0.0,0.0,0.0,0.0,0.0
6122,0.0,0.0,0.0,0.0,0.0,0.0,0.0,0.0,0.0,0.0
6123,0.0,0.0,0.0,0.0,0.0,0.0,0.0,0.0,0.0,0.0
6124,0.0,0.0,0.0,0.0,0.0,0.0,0.0,0.0,0.0,0.0
6125,0.0,0.0,0.0,0.0,0.0,0.0,750.0,0.0,0.0,750.0
6126,3092.78350515464,0.0,0.0,2808.57649484536,0.0,0.0,0.0,0.0,0.0,3092.78350515464
6127,3092.78350515464,0.0,1863.53628865979,3711.34020618557,0.0,0.0,0.0,0.0,0.0,3092.78350515464
6128,3092.78350515464,0.0,3038.93628865979,3711.34020618557,0.0,0.0,0.0,0.0,0.0,3092.78350515464
6129,3092.78350515464,0.0,2911.96128865979,3711.34020618557,0.0,0.0,0.0,0.0,0.0,3092.78350515464
6130,3092.78350515464,0.0,2231.96628865979,3711.34020618557,0.0,0.0,0.0,0.0,0.0,3092.78350515464
6131,3092.78350515464,0.0,903.146288659794,3711.34020618557,0.0,0.0,0.0,0.0,0.0,3092.78350515464
6132,3092.78350515464,0.0,579.971288659794,3711.34020618557,0.0,0.0,0.0,0.0,0.0,3092.78350515464
6133,3092.78350515464,0.0,967.061288659793,3711.34020618557,0.0,0.0,0.0,0.0,0.0,3092.78350515464
6134,3092.78350515464,0.0,1330.54128865979,3711.34020618557,0.0,0.0,0.0,0.0,0.0,3092.78350515464
6135,3092.78350515464,0.0,851.096288659794,3711.34020618557,0.0,0.0,0.0,0.0,0.0,3092.78350515464
6136,3092.78350515464,0.0,0.0,2094.15649484536,0.0,0.0,0.0,0.0,0.0,3092.78350515464
6137,0.0,0.0,0.0,0.0,0.0,0.0,3000.0,0.0,0.0,3000.0
6138,0.0,0.0,0.0,0.0,0.0,0.0,3000.0,0.0,0.0,3000.0
6139,0.0,0.0,0.0,0.0,0.0,0.0,3000.0,0.0,0.0,3000.0
6140,0.0,0.0,0.0,0.0,0.0,0.0,3000.0,0.0,0.0,3000.0
6141,0.0,0.0,0.0,0.0,0.0,0.0,3000.0,0.0,0.0,3000.0
6142,0.0,0.0,0.0,0.0,0.0,0.0,3000.0,0.0,0.0,3000.0
6143,0.0,0.0,0.0,0.0,0.0,0.0,0.0,0.0,0.0,0.0
6144,0.0,0.0,0.0,0.0,0.0,0.0,0.0,0.0,0.0,0.0
6145,0.0,0.0,0.0,0.0,0.0,0.0,0.0,0.0,0.0,0.0
6146,0.0,0.0,0.0,0.0,0.0,0.0,0.0,0.0,0.0,0.0
6147,0.0,0.0,0.0,0.0,0.0,0.0,0.0,0.0,0.0,0.0
6148,0.0,0.0,0.0,0.0,0.0,0.0,0.0,0.0,0.0,0.0
6149,0.0,0.0,0.0,0.0,0.0,0.0,750.0,0.0,0.0,750.0
6150,3092.78350515464,0.0,0.0,2138.90149484536,0.0,0.0,0.0,0.0,0.0,3092.78350515464
6151,3092.78350515464,0.0,1477.97628865979,3711.34020618557,0.0,0.0,0.0,0.0,0.0,3092.78350515464
6152,3092.78350515464,0.0,2602.00128865979,3711.34020618557,0.0,0.0,0.0,0.0,0.0,3092.78350515464
6153,3092.78350515464,0.0,2358.19128865979,3711.34020618557,0.0,0.0,0.0,0.0,0.0,3092.78350515464
6154,3092.78350515464,0.0,1702.79628865979,3711.34020618557,0.0,0.0,0.0,0.0,0.0,3092.78350515464
6155,3092.78350515464,0.0,541.511288659794,3711.34020618557,0.0,0.0,0.0,0.0,0.0,3092.78350515464
6156,3092.78350515464,0.0,195.056288659793,3711.34020618557,0.0,0.0,0.0,0.0,0.0,3092.78350515464
6157,3092.78350515464,0.0,565.676288659793,3711.34020618557,0.0,0.0,0.0,0.0,0.0,3092.78350515464
6158,3092.78350515464,0.0,862.826288659793,3711.34020618557,0.0,0.0,0.0,0.0,0.0,3092.78350515464
6159,3092.78350515464,0.0,446.486288659793,3711.34020618557,0.0,0.0,0.0,0.0,0.0,3092.78350515464
6160,3092.78350515464,0.0,0.0,1633.91149484536,0.0,0.0,0.0,0.0,0.0,3092.78350515464
6161,0.0,0.0,0.0,0.0,0.0,0.0,3000.0,0.0,0.0,3000.0
6162,0.0,0.0,0.0,0.0,0.0,0.0,3000.0,0.0,0.0,3000.0
6163,0.0,0.0,0.0,0.0,0.0,0.0,3000.0,0.0,0.0,3000.0
6164,0.0,0.0,0.0,0.0,0.0,0.0,3000.0,0.0,0.0,3000.0
6165,0.0,0.0,0.0,0.0,0.0,0.0,3000.0,0.0,0.0,3000.0
6166,0.0,0.0,0.0,0.0,0.0,0.0,3000.0,0.0,0.0,3000.0
6167,0.0,0.0,0.0,0.0,0.0,0.0,0.0,0.0,0.0,0.0
6168,0.0,0.0,0.0,0.0,0.0,0.0,0.0,0.0,0.0,0.0
6169,0.0,0.0,0.0,0.0,0.0,0.0,0.0,0.0,0.0,0.0
6170,0.0,0.0,0.0,0.0,0.0,0.0,0.0,0.0,0.0,0.0
6171,0.0,0.0,0.0,0.0,0.0,0.0,0.0,0.0,0.0,0.0
6172,0.0,0.0,0.0,0.0,0.0,0.0,0.0,0.0,0.0,0.0
6173,0.0,0.0,0.0,0.0,0.0,0.0,750.0,0.0,0.0,750.0
6174,3092.78350515464,0.0,0.0,1263.80149484536,0.0,0.0,0.0,0.0,0.0,3092.78350515464
6175,3092.78350515464,0.0,0.0,2274.21649484536,0.0,0.0,0.0,0.0,0.0,3092.78350515464
6176,2487.9,0.0,0.0,0.0,0.0,0.0,586.737,0.0,0.0,3074.637
6177,3092.78350515464,0.0,0.0,3601.26649484536,0.0,0.0,0.0,0.0,0.0,3092.78350515464
6178,3092.78350515464,0.0,0.0,2849.66149484536,0.0,0.0,0.0,0.0,0.0,3092.78350515464
6179,3092.78350515464,0.0,0.0,1761.92149484536,0.0,0.0,0.0,0.0,0.0,3092.78350515464
6180,3092.78350515464,0.0,0.0,2208.38149484536,0.0,0.0,0.0,0.0,0.0,3092.78350515464
6181,3092.78350515464,0.0,93.9412886597929,3711.34020618557,0.0,0.0,0.0,0.0,0.0,3092.78350515464
6182,3092.78350515464,0.0,1173.01128865979,3711.34020618557,0.0,0.0,0.0,0.0,0.0,3092.78350515464
6183,3092.78350515464,0.0,830.531288659792,3711.34020618557,0.0,0.0,0.0,0.0,0.0,3092.78350515464
6184,3092.78350515464,0.0,0.0,1929.03649484536,0.0,0.0,0.0,0.0,0.0,3092.78350515464
6185,0.0,0.0,0.0,0.0,0.0,0.0,3000.0,0.0,0.0,3000.0
6186,0.0,0.0,0.0,0.0,0.0,0.0,3000.0,0.0,0.0,3000.0
6187,0.0,0.0,0.0,0.0,0.0,0.0,3000.0,0.0,0.0,3000.0
6188,0.0,0.0,0.0,0.0,0.0,0.0,3000.0,0.0,0.0,3000.0
6189,0.0,0.0,0.0,0.0,0.0,0.0,3000.0,0.0,0.0,3000.0
6190,0.0,0.0,0.0,0.0,0.0,0.0,3000.0,0.0,0.0,3000.0
6191,0.0,0.0,0.0,0.0,0.0,0.0,0.0,0.0,0.0,0.0
6192,0.0,0.0,0.0,0.0,0.0,0.0,0.0,0.0,0.0,0.0
6193,0.0,0.0,0.0,0.0,0.0,0.0,0.0,0.0,0.0,0.0
6194,0.0,0.0,0.0,0.0,0.0,0.0,0.0,0.0,0.0,0.0
6195,0.0,0.0,0.0,0.0,0.0,0.0,0.0,0.0,0.0,0.0
6196,0.0,0.0,0.0,0.0,0.0,0.0,0.0,0.0,0.0,0.0
6197,0.0,0.0,0.0,0.0,0.0,0.0,750.0,0.0,0.0,750.0
6198,3092.78350515464,0.0,0.0,925.776494845361,0.0,0.0,0.0,0.0,0.0,3092.78350515464
6199,3092.78350515464,0.0,839.891288659793,3711.34020618557,0.0,0.0,0.0,0.0,0.0,3092.78350515464
6200,3092.78350515464,0.0,2643.58128865979,3711.34020618557,0.0,0.0,0.0,0.0,0.0,3092.78350515464
6201,3092.78350515464,0.0,2651.30628865979,3711.34020618557,0.0,0.0,0.0,0.0,0.0,3092.78350515464
6202,3092.78350515464,0.0,1550.48628865979,3711.34020618557,0.0,0.0,0.0,0.0,0.0,3092.78350515464
6203,3092.78350515464,0.0,41.1712886597934,3711.34020618557,0.0,0.0,0.0,0.0,0.0,3092.78350515464
6204,3092.78350515464,0.0,0.0,3470.61649484536,0.0,0.0,0.0,0.0,0.0,3092.78350515464
6205,3092.78350515464,0.0,377.831288659792,3711.34020618557,0.0,0.0,0.0,0.0,0.0,3092.78350515464
6206,3092.78350515464,0.0,731.156288659792,3711.34020618557,0.0,0.0,0.0,0.0,0.0,3092.78350515464
6207,3092.78350515464,0.0,245.531288659793,3711.34020618557,0.0,0.0,0.0,0.0,0.0,3092.78350515464
6208,3092.78350515464,0.0,0.0,1228.55149484536,0.0,0.0,0.0,0.0,0.0,3092.78350515464
6209,0.0,0.0,0.0,0.0,0.0,0.0,3000.0,0.0,0.0,3000.0
6210,0.0,0.0,0.0,0.0,0.0,0.0,3000.0,0.0,0.0,3000.0
6211,0.0,0.0,0.0,0.0,0.0,0.0,3000.0,0.0,0.0,3000.0
6212,0.0,0.0,0.0,0.0,0.0,0.0,3000.0,0.0,0.0,3000.0
6213,0.0,0.0,0.0,0.0,0.0,0.0,3000.0,0.0,0.0,3000.0
6214,0.0,0.0,0.0,0.0,0.0,0.0,3000.0,0.0,0.0,3000.0
6215,0.0,0.0,0.0,0.0,0.0,0.0,0.0,0.0,0.0,0.0
6216,0.0,0.0,0.0,0.0,0.0,0.0,0.0,0.0,0.0,0.0
6217,0.0,0.0,0.0,0.0,0.0,0.0,0.0,0.0,0.0,0.0
6218,0.0,0.0,0.0,0.0,0.0,0.0,0.0,0.0,0.0,0.0
6219,0.0,0.0,0.0,0.0,0.0,0.0,0.0,0.0,0.0,0.0
6220,0.0,0.0,0.0,0.0,0.0,0.0,0.0,0.0,0.0,0.0
6221,0.0,0.0,0.0,0.0,0.0,0.0,750.0,0.0,0.0,750.0
6222,1632.315,0.0,0.0,0.0,0.0,0.0,1416.65445,0.0,0.0,3048.96945
6223,3092.78350515464,0.0,0.0,3007.17649484536,0.0,0.0,0.0,0.0,0.0,3092.78350515464
6224,3092.78350515464,0.0,2235.17628865979,3711.34020618557,0.0,0.0,0.0,0.0,0.0,3092.78350515464
6225,3092.78350515464,0.0,0.0,2672.78149484536,0.0,0.0,0.0,0.0,0.0,3092.78350515464
6226,3092.78350515464,0.0,0.0,3182.10649484536,0.0,0.0,0.0,0.0,0.0,3092.78350515464
6227,3092.78350515464,0.0,0.0,2594.70649484536,0.0,0.0,0.0,0.0,0.0,3092.78350515464
6228,3092.78350515464,0.0,0.0,1858.71649484536,0.0,0.0,0.0,0.0,0.0,3092.78350515464
6229,3092.78350515464,0.0,0.0,2752.94149484536,0.0,0.0,0.0,0.0,0.0,3092.78350515464
6230,3092.78350515464,0.0,0.0,1901.93149484536,0.0,0.0,0.0,0.0,0.0,3092.78350515464
6231,3092.78350515464,0.0,1102.19628865979,3711.34020618557,0.0,0.0,0.0,0.0,0.0,3092.78350515464
6232,3092.78350515464,0.0,0.0,858.24649484536,0.0,0.0,0.0,0.0,0.0,3092.78350515464
6233,0.0,0.0,0.0,0.0,0.0,0.0,3000.0,0.0,0.0,3000.0
6234,0.0,0.0,0.0,0.0,0.0,0.0,3000.0,0.0,0.0,3000.0
6235,0.0,0.0,0.0,0.0,0.0,0.0,3000.0,0.0,0.0,3000.0
6236,0.0,0.0,0.0,0.0,0.0,0.0,3000.0,0.0,0.0,3000.0
6237,0.0,0.0,0.0,0.0,0.0,0.0,3000.0,0.0,0.0,3000.0
6238,0.0,0.0,0.0,0.0,0.0,0.0,3000.0,0.0,0.0,3000.0
6239,0.0,0.0,0.0,0.0,0.0,0.0,0.0,0.0,0.0,0.0
6240,0.0,0.0,0.0,0.0,0.0,0.0,0.0,0.0,0.0,0.0
6241,0.0,0.0,0.0,0.0,0.0,0.0,0.0,0.0,0.0,0.0
6242,0.0,0.0,0.0,0.0,0.0,0.0,0.0,0.0,0.0,0.0
6243,0.0,0.0,0.0,0.0,0.0,0.0,0.0,0.0,0.0,0.0
6244,0.0,0.0,0.0,0.0,0.0,0.0,0.0,0.0,0.0,0.0
6245,0.0,0.0,0.0,0.0,0.0,0.0,750.0,0.0,0.0,750.0
6246,1290.2805,0.0,0.0,0.0,0.0,0.0,1748.427915,0.0,0.0,3038.708415
6247,2644.305,0.0,0.0,0.0,0.0,0.0,435.02415,0.0,0.0,3079.32915
6248,2743.86,0.0,0.0,0.0,0.0,0.0,338.4558,0.0,0.0,3082.3158000000003
6249,2253.99,0.0,0.0,0.0,0.0,0.0,813.6297,0.0,0.0,3067.6196999999997
6250,3092.78350515464,0.0,0.0,1012.59649484536,0.0,0.0,0.0,0.0,0.0,3092.78350515464
6251,3092.78350515464,0.0,0.0,1543.31149484536,0.0,0.0,0.0,0.0,0.0,3092.78350515464
6252,1873.395,0.0,0.0,0.0,0.0,0.0,1182.80685,0.0,0.0,3056.20185
6253,3092.78350515464,0.0,0.0,42.0064948453601,0.0,0.0,0.0,0.0,0.0,3092.78350515464
6254,3092.78350515464,0.0,0.0,1037.21149484536,0.0,0.0,0.0,0.0,0.0,3092.78350515464
6255,3092.78350515464,0.0,0.0,1457.36149484536,0.0,0.0,0.0,0.0,0.0,3092.78350515464
6256,3092.78350515464,0.0,0.0,186.45649484536,0.0,0.0,0.0,0.0,0.0,3092.78350515464
6257,0.0,0.0,0.0,0.0,0.0,0.0,3000.0,0.0,0.0,3000.0
6258,0.0,0.0,0.0,0.0,0.0,0.0,3000.0,0.0,0.0,3000.0
6259,0.0,0.0,0.0,0.0,0.0,0.0,3000.0,0.0,0.0,3000.0
6260,0.0,0.0,0.0,0.0,0.0,0.0,3000.0,0.0,0.0,3000.0
6261,0.0,0.0,0.0,0.0,0.0,0.0,3000.0,0.0,0.0,3000.0
6262,0.0,0.0,0.0,0.0,0.0,0.0,3000.0,0.0,0.0,3000.0
6263,0.0,0.0,0.0,0.0,0.0,0.0,0.0,0.0,0.0,0.0
6264,0.0,0.0,0.0,0.0,0.0,0.0,0.0,0.0,0.0,0.0
6265,0.0,0.0,0.0,0.0,0.0,0.0,0.0,0.0,0.0,0.0
6266,0.0,0.0,0.0,0.0,0.0,0.0,0.0,0.0,0.0,0.0
6267,0.0,0.0,0.0,0.0,0.0,0.0,0.0,0.0,0.0,0.0
6268,0.0,0.0,0.0,0.0,0.0,0.0,0.0,0.0,0.0,0.0
6269,0.0,0.0,0.0,0.0,0.0,0.0,750.0,0.0,0.0,750.0
6270,708.4935,0.0,0.0,0.0,0.0,0.0,2312.761305,0.0,0.0,3021.254805
6271,1374.4125,0.0,0.0,0.0,0.0,0.0,1666.819875,0.0,0.0,3041.2323749999996
6272,1969.86,0.0,0.0,0.0,0.0,0.0,1089.2358,0.0,0.0,3059.0958
6273,2344.56,0.0,0.0,0.0,0.0,0.0,725.7768,0.0,0.0,3070.3368
6274,2035.335,0.0,0.0,0.0,0.0,0.0,1025.72505,0.0,0.0,3061.06005
6275,3092.78350515464,0.0,0.0,455.121494845361,0.0,0.0,0.0,0.0,0.0,3092.78350515464
6276,3092.78350515464,0.0,0.0,706.61149484536,0.0,0.0,0.0,0.0,0.0,3092.78350515464
6277,2991.51,0.0,0.0,0.0,0.0,0.0,98.2352999999998,0.0,0.0,3089.7453
6278,528.4845,0.0,0.0,0.0,0.0,0.0,2487.370035,0.0,0.0,3015.854535
6279,1964.685,0.0,0.0,0.0,0.0,0.0,1094.25555,0.0,0.0,3058.9405500000003
6280,818.1465,0.0,0.0,0.0,0.0,0.0,2206.397895,0.0,0.0,3024.544395
6281,0.0,0.0,0.0,0.0,0.0,0.0,3000.0,0.0,0.0,3000.0
6282,0.0,0.0,0.0,0.0,0.0,0.0,3000.0,0.0,0.0,3000.0
6283,0.0,0.0,0.0,0.0,0.0,0.0,3000.0,0.0,0.0,3000.0
6284,0.0,0.0,0.0,0.0,0.0,0.0,3000.0,0.0,0.0,3000.0
6285,0.0,0.0,0.0,0.0,0.0,0.0,3000.0,0.0,0.0,3000.0
6286,0.0,0.0,0.0,0.0,0.0,0.0,3000.0,0.0,0.0,3000.0
6287,0.0,0.0,0.0,0.0,0.0,0.0,0.0,0.0,0.0,0.0
6288,0.0,0.0,0.0,0.0,0.0,0.0,0.0,0.0,0.0,0.0
6289,0.0,0.0,0.0,0.0,0.0,0.0,0.0,0.0,0.0,0.0
6290,0.0,0.0,0.0,0.0,0.0,0.0,0.0,0.0,0.0,0.0
6291,0.0,0.0,0.0,0.0,0.0,0.0,0.0,0.0,0.0,0.0
6292,0.0,0.0,0.0,0.0,0.0,0.0,0.0,0.0,0.0,0.0
6293,0.0,0.0,0.0,0.0,0.0,0.0,750.0,0.0,0.0,750.0
6294,3092.78350515464,0.0,0.0,529.611494845361,0.0,0.0,0.0,0.0,0.0,3092.78350515464
6295,3092.78350515464,0.0,1314.38628865979,3711.34020618557,0.0,0.0,0.0,0.0,0.0,3092.78350515464
6296,3092.78350515464,0.0,0.0,2725.32649484536,0.0,0.0,0.0,0.0,0.0,3092.78350515464
6297,3092.78350515464,0.0,2048.38128865979,3711.34020618557,0.0,0.0,0.0,0.0,0.0,3092.78350515464
6298,3092.78350515464,0.0,1368.19128865979,3711.34020618557,0.0,0.0,0.0,0.0,0.0,3092.78350515464
6299,3092.78350515464,0.0,0.0,2514.63649484536,0.0,0.0,0.0,0.0,0.0,3092.78350515464
6300,3092.78350515464,0.0,0.0,2276.40649484536,0.0,0.0,0.0,0.0,0.0,3092.78350515464
6301,3092.78350515464,0.0,0.0,3069.12649484536,0.0,0.0,0.0,0.0,0.0,3092.78350515464
6302,3092.78350515464,0.0,390.581288659792,3711.34020618557,0.0,0.0,0.0,0.0,0.0,3092.78350515464
6303,3092.78350515464,0.0,0.0,3668.06149484536,0.0,0.0,0.0,0.0,0.0,3092.78350515464
6304,3092.78350515464,0.0,0.0,241.866494845361,0.0,0.0,0.0,0.0,0.0,3092.78350515464
6305,0.0,0.0,0.0,0.0,0.0,0.0,3000.0,0.0,0.0,3000.0
6306,0.0,0.0,0.0,0.0,0.0,0.0,3000.0,0.0,0.0,3000.0
6307,0.0,0.0,0.0,0.0,0.0,0.0,3000.0,0.0,0.0,3000.0
6308,0.0,0.0,0.0,0.0,0.0,0.0,3000.0,0.0,0.0,3000.0
6309,0.0,0.0,0.0,0.0,0.0,0.0,3000.0,0.0,0.0,3000.0
6310,0.0,0.0,0.0,0.0,0.0,0.0,3000.0,0.0,0.0,3000.0
6311,0.0,0.0,0.0,0.0,0.0,0.0,0.0,0.0,0.0,0.0
6312,0.0,0.0,0.0,0.0,0.0,0.0,0.0,0.0,0.0,0.0
6313,0.0,0.0,0.0,0.0,0.0,0.0,0.0,0.0,0.0,0.0
6314,0.0,0.0,0.0,0.0,0.0,0.0,0.0,0.0,0.0,0.0
6315,0.0,0.0,0.0,0.0,0.0,0.0,0.0,0.0,0.0,0.0
6316,0.0,0.0,0.0,0.0,0.0,0.0,0.0,0.0,0.0,0.0
6317,0.0,0.0,0.0,0.0,0.0,0.0,750.0,0.0,0.0,750.0
6318,1753.77,0.0,0.0,0.0,0.0,0.0,1298.8431,0.0,0.0,3052.6131
6319,3092.78350515464,0.0,0.0,1507.43149484536,0.0,0.0,0.0,0.0,0.0,3092.78350515464
6320,3092.78350515464,0.0,615.581288659792,3711.34020618557,0.0,0.0,0.0,0.0,0.0,3092.78350515464
6321,3092.78350515464,0.0,1793.78628865979,3711.34020618557,0.0,0.0,0.0,0.0,0.0,3092.78350515464
6322,3092.78350515464,0.0,898.811288659793,3711.34020618557,0.0,0.0,0.0,0.0,0.0,3092.78350515464
6323,3092.78350515464,0.0,0.0,3660.62149484536,0.0,0.0,0.0,0.0,0.0,3092.78350515464
6324,3092.78350515464,0.0,0.0,3390.02149484536,0.0,0.0,0.0,0.0,0.0,3092.78350515464
6325,3092.78350515464,0.0,94.0162886597927,3711.34020618557,0.0,0.0,0.0,0.0,0.0,3092.78350515464
6326,3092.78350515464,0.0,0.0,3124.13149484536,0.0,0.0,0.0,0.0,0.0,3092.78350515464
6327,3092.78350515464,0.0,0.0,2282.88649484536,0.0,0.0,0.0,0.0,0.0,3092.78350515464
6328,3092.78350515464,0.0,0.0,291.53149484536,0.0,0.0,0.0,0.0,0.0,3092.78350515464
6329,0.0,0.0,0.0,0.0,0.0,0.0,3000.0,0.0,0.0,3000.0
6330,0.0,0.0,0.0,0.0,0.0,0.0,3000.0,0.0,0.0,3000.0
6331,0.0,0.0,0.0,0.0,0.0,0.0,3000.0,0.0,0.0,3000.0
6332,0.0,0.0,0.0,0.0,0.0,0.0,3000.0,0.0,0.0,3000.0
6333,0.0,0.0,0.0,0.0,0.0,0.0,3000.0,0.0,0.0,3000.0
6334,0.0,0.0,0.0,0.0,0.0,0.0,3000.0,0.0,0.0,3000.0
6335,0.0,0.0,0.0,0.0,0.0,0.0,0.0,0.0,0.0,0.0
6336,0.0,0.0,0.0,0.0,0.0,0.0,0.0,0.0,0.0,0.0
6337,0.0,0.0,0.0,0.0,0.0,0.0,0.0,0.0,0.0,0.0
6338,0.0,0.0,0.0,0.0,0.0,0.0,0.0,0.0,0.0,0.0
6339,0.0,0.0,0.0,0.0,0.0,0.0,0.0,0.0,0.0,0.0
6340,0.0,0.0,0.0,0.0,0.0,0.0,0.0,0.0,0.0,0.0
6341,0.0,0.0,0.0,0.0,0.0,0.0,750.0,0.0,0.0,750.0
6342,2922.315,0.0,0.0,0.0,0.0,0.0,165.35445,0.0,0.0,3087.66945
6343,3092.78350515464,0.0,952.151288659793,3711.34020618557,0.0,0.0,0.0,0.0,0.0,3092.78350515464
6344,3092.78350515464,0.0,1954.36128865979,3711.34020618557,0.0,0.0,0.0,0.0,0.0,3092.78350515464
6345,3092.78350515464,0.0,1805.92128865979,3711.34020618557,0.0,0.0,0.0,0.0,0.0,3092.78350515464
6346,3092.78350515464,0.0,1205.54628865979,3711.34020618557,0.0,0.0,0.0,0.0,0.0,3092.78350515464
6347,3092.78350515464,0.0,0.0,3685.92649484536,0.0,0.0,0.0,0.0,0.0,3092.78350515464
6348,3092.78350515464,0.0,0.0,3240.95149484536,0.0,0.0,0.0,0.0,0.0,3092.78350515464
6349,3092.78350515464,0.0,80.276288659793,3711.34020618557,0.0,0.0,0.0,0.0,0.0,3092.78350515464
6350,3092.78350515464,0.0,53.2612886597935,3711.34020618557,0.0,0.0,0.0,0.0,0.0,3092.78350515464
6351,3092.78350515464,0.0,0.0,3011.15149484536,0.0,0.0,0.0,0.0,0.0,3092.78350515464
6352,2880.03,0.0,0.0,0.0,0.0,0.0,206.3709,0.0,0.0,3086.4009
6353,0.0,0.0,0.0,0.0,0.0,0.0,3000.0,0.0,0.0,3000.0
6354,0.0,0.0,0.0,0.0,0.0,0.0,3000.0,0.0,0.0,3000.0
6355,0.0,0.0,0.0,0.0,0.0,0.0,3000.0,0.0,0.0,3000.0
6356,0.0,0.0,0.0,0.0,0.0,0.0,3000.0,0.0,0.0,3000.0
6357,0.0,0.0,0.0,0.0,0.0,0.0,3000.0,0.0,0.0,3000.0
6358,0.0,0.0,0.0,0.0,0.0,0.0,3000.0,0.0,0.0,3000.0
6359,0.0,0.0,0.0,0.0,0.0,0.0,0.0,0.0,0.0,0.0
6360,0.0,0.0,0.0,0.0,0.0,0.0,0.0,0.0,0.0,0.0
6361,0.0,0.0,0.0,0.0,0.0,0.0,0.0,0.0,0.0,0.0
6362,0.0,0.0,0.0,0.0,0.0,0.0,0.0,0.0,0.0,0.0
6363,0.0,0.0,0.0,0.0,0.0,0.0,0.0,0.0,0.0,0.0
6364,0.0,0.0,0.0,0.0,0.0,0.0,0.0,0.0,0.0,0.0
6365,0.0,0.0,0.0,0.0,0.0,0.0,750.0,0.0,0.0,750.0
6366,3032.73,0.0,0.0,0.0,0.0,0.0,58.2519000000002,0.0,0.0,3090.9819
6367,3092.78350515464,0.0,1026.16128865979,3711.34020618557,0.0,0.0,0.0,0.0,0.0,3092.78350515464
6368,3092.78350515464,0.0,2233.33128865979,3711.34020618557,0.0,0.0,0.0,0.0,0.0,3092.78350515464
6369,3092.78350515464,0.0,2182.39128865979,3711.34020618557,0.0,0.0,0.0,0.0,0.0,3092.78350515464
6370,3092.78350515464,0.0,1453.61628865979,3711.34020618557,0.0,0.0,0.0,0.0,0.0,3092.78350515464
6371,3092.78350515464,0.0,0.0,3678.56149484536,0.0,0.0,0.0,0.0,0.0,3092.78350515464
6372,3092.78350515464,0.0,0.0,3263.67649484536,0.0,0.0,0.0,0.0,0.0,3092.78350515464
6373,3092.78350515464,0.0,113.726288659793,3711.34020618557,0.0,0.0,0.0,0.0,0.0,3092.78350515464
6374,3092.78350515464,0.0,232.091288659793,3711.34020618557,0.0,0.0,0.0,0.0,0.0,3092.78350515464
6375,3092.78350515464,0.0,513.806288659793,3711.34020618557,0.0,0.0,0.0,0.0,0.0,3092.78350515464
6376,3010.725,0.0,0.0,0.0,0.0,0.0,79.5967500000002,0.0,0.0,3090.32175
6377,0.0,0.0,0.0,0.0,0.0,0.0,3000.0,0.0,0.0,3000.0
6378,0.0,0.0,0.0,0.0,0.0,0.0,3000.0,0.0,0.0,3000.0
6379,0.0,0.0,0.0,0.0,0.0,0.0,3000.0,0.0,0.0,3000.0
6380,0.0,0.0,0.0,0.0,0.0,0.0,3000.0,0.0,0.0,3000.0
6381,0.0,0.0,0.0,0.0,0.0,0.0,3000.0,0.0,0.0,3000.0
6382,0.0,0.0,0.0,0.0,0.0,0.0,3000.0,0.0,0.0,3000.0
6383,0.0,0.0,0.0,0.0,0.0,0.0,0.0,0.0,0.0,0.0
6384,0.0,0.0,0.0,0.0,0.0,0.0,0.0,0.0,0.0,0.0
6385,0.0,0.0,0.0,0.0,0.0,0.0,0.0,0.0,0.0,0.0
6386,0.0,0.0,0.0,0.0,0.0,0.0,0.0,0.0,0.0,0.0
6387,0.0,0.0,0.0,0.0,0.0,0.0,0.0,0.0,0.0,0.0
6388,0.0,0.0,0.0,0.0,0.0,0.0,0.0,0.0,0.0,0.0
6389,0.0,0.0,0.0,0.0,0.0,0.0,750.0,0.0,0.0,750.0
6390,213.195,0.0,0.0,0.0,0.0,0.0,2793.20085,0.0,0.0,3006.3958500000003
6391,3092.78350515464,0.0,0.0,2662.41649484536,0.0,0.0,0.0,0.0,0.0,3092.78350515464
6392,3092.78350515464,0.0,835.361288659793,3711.34020618557,0.0,0.0,0.0,0.0,0.0,3092.78350515464
6393,3092.78350515464,0.0,1526.98128865979,3711.34020618557,0.0,0.0,0.0,0.0,0.0,3092.78350515464
6394,3092.78350515464,0.0,956.831288659792,3711.34020618557,0.0,0.0,0.0,0.0,0.0,3092.78350515464
6395,3092.78350515464,0.0,0.0,3386.04649484536,0.0,0.0,0.0,0.0,0.0,3092.78350515464
6396,3092.78350515464,0.0,0.0,3133.86649484536,0.0,0.0,0.0,0.0,0.0,3092.78350515464
6397,3092.78350515464,0.0,0.0,3642.03649484536,0.0,0.0,0.0,0.0,0.0,3092.78350515464
6398,3092.78350515464,0.0,802.646288659794,3711.34020618557,0.0,0.0,0.0,0.0,0.0,3092.78350515464
6399,3092.78350515464,0.0,0.0,2405.48149484536,0.0,0.0,0.0,0.0,0.0,3092.78350515464
6400,1926.405,0.0,0.0,0.0,0.0,0.0,1131.38715,0.0,0.0,3057.79215
6401,0.0,0.0,0.0,0.0,0.0,0.0,3000.0,0.0,0.0,3000.0
6402,0.0,0.0,0.0,0.0,0.0,0.0,3000.0,0.0,0.0,3000.0
6403,0.0,0.0,0.0,0.0,0.0,0.0,3000.0,0.0,0.0,3000.0
6404,0.0,0.0,0.0,0.0,0.0,0.0,3000.0,0.0,0.0,3000.0
6405,0.0,0.0,0.0,0.0,0.0,0.0,3000.0,0.0,0.0,3000.0
6406,0.0,0.0,0.0,0.0,0.0,0.0,3000.0,0.0,0.0,3000.0
6407,0.0,0.0,0.0,0.0,0.0,0.0,0.0,0.0,0.0,0.0
6408,0.0,0.0,0.0,0.0,0.0,0.0,0.0,0.0,0.0,0.0
6409,0.0,0.0,0.0,0.0,0.0,0.0,0.0,0.0,0.0,0.0
6410,0.0,0.0,0.0,0.0,0.0,0.0,0.0,0.0,0.0,0.0
6411,0.0,0.0,0.0,0.0,0.0,0.0,0.0,0.0,0.0,0.0
6412,0.0,0.0,0.0,0.0,0.0,0.0,0.0,0.0,0.0,0.0
6413,0.0,0.0,0.0,0.0,0.0,0.0,750.0,0.0,0.0,750.0
6414,484.107,0.0,0.0,0.0,0.0,0.0,2530.41621,0.0,0.0,3014.52321
6415,2743.14,0.0,0.0,0.0,0.0,0.0,339.1542,0.0,0.0,3082.2942
6416,2464.89,0.0,0.0,0.0,0.0,0.0,609.0567,0.0,0.0,3073.9467
6417,3092.78350515464,0.0,0.0,514.851494845361,0.0,0.0,0.0,0.0,0.0,3092.78350515464
6418,3092.78350515464,0.0,89.3512886597928,3711.34020618557,0.0,0.0,0.0,0.0,0.0,3092.78350515464
6419,3092.78350515464,0.0,0.0,2907.53149484536,0.0,0.0,0.0,0.0,0.0,3092.78350515464
6420,3092.78350515464,0.0,0.0,2775.92149484536,0.0,0.0,0.0,0.0,0.0,3092.78350515464
6421,3092.78350515464,0.0,0.0,3284.19649484536,0.0,0.0,0.0,0.0,0.0,3092.78350515464
6422,3092.78350515464,0.0,0.0,1879.76149484536,0.0,0.0,0.0,0.0,0.0,3092.78350515464
6423,2324.085,0.0,0.0,0.0,0.0,0.0,745.63755,0.0,0.0,3069.72255
6424,347.211,0.0,0.0,0.0,0.0,0.0,2663.20533,0.0,0.0,3010.41633
6425,0.0,0.0,0.0,0.0,0.0,0.0,3000.0,0.0,0.0,3000.0
6426,0.0,0.0,0.0,0.0,0.0,0.0,3000.0,0.0,0.0,3000.0
6427,0.0,0.0,0.0,0.0,0.0,0.0,3000.0,0.0,0.0,3000.0
6428,0.0,0.0,0.0,0.0,0.0,0.0,3000.0,0.0,0.0,3000.0
6429,0.0,0.0,0.0,0.0,0.0,0.0,3000.0,0.0,0.0,3000.0
6430,0.0,0.0,0.0,0.0,0.0,0.0,3000.0,0.0,0.0,3000.0
6431,0.0,0.0,0.0,0.0,0.0,0.0,0.0,0.0,0.0,0.0
6432,0.0,0.0,0.0,0.0,0.0,0.0,0.0,0.0,0.0,0.0
6433,0.0,0.0,0.0,0.0,0.0,0.0,0.0,0.0,0.0,0.0
6434,0.0,0.0,0.0,0.0,0.0,0.0,0.0,0.0,0.0,0.0
6435,0.0,0.0,0.0,0.0,0.0,0.0,0.0,0.0,0.0,0.0
6436,0.0,0.0,0.0,0.0,0.0,0.0,0.0,0.0,0.0,0.0
6437,0.0,0.0,0.0,0.0,0.0,0.0,750.0,0.0,0.0,750.0
6438,391.128,0.0,0.0,0.0,0.0,0.0,2620.60584,0.0,0.0,3011.7338400000003
6439,2450.025,0.0,0.0,0.0,0.0,0.0,623.47575,0.0,0.0,3073.50075
6440,3092.78350515464,0.0,0.0,1249.29649484536,0.0,0.0,0.0,0.0,0.0,3092.78350515464
6441,3092.78350515464,0.0,1020.38628865979,3711.34020618557,0.0,0.0,0.0,0.0,0.0,3092.78350515464
6442,3092.78350515464,0.0,719.726288659793,3711.34020618557,0.0,0.0,0.0,0.0,0.0,3092.78350515464
6443,3092.78350515464,0.0,0.0,3123.71149484536,0.0,0.0,0.0,0.0,0.0,3092.78350515464
6444,3092.78350515464,0.0,0.0,2768.49649484536,0.0,0.0,0.0,0.0,0.0,3092.78350515464
6445,3092.78350515464,0.0,0.0,3513.26149484536,0.0,0.0,0.0,0.0,0.0,3092.78350515464
6446,3092.78350515464,0.0,0.0,3506.88649484536,0.0,0.0,0.0,0.0,0.0,3092.78350515464
6447,3092.78350515464,0.0,0.0,2596.85149484536,0.0,0.0,0.0,0.0,0.0,3092.78350515464
6448,2037.675,0.0,0.0,0.0,0.0,0.0,1023.45525,0.0,0.0,3061.13025
6449,0.0,0.0,0.0,0.0,0.0,0.0,3000.0,0.0,0.0,3000.0
6450,0.0,0.0,0.0,0.0,0.0,0.0,3000.0,0.0,0.0,3000.0
6451,0.0,0.0,0.0,0.0,0.0,0.0,3000.0,0.0,0.0,3000.0
6452,0.0,0.0,0.0,0.0,0.0,0.0,3000.0,0.0,0.0,3000.0
6453,0.0,0.0,0.0,0.0,0.0,0.0,3000.0,0.0,0.0,3000.0
6454,0.0,0.0,0.0,0.0,0.0,0.0,3000.0,0.0,0.0,3000.0
6455,0.0,0.0,0.0,0.0,0.0,0.0,0.0,0.0,0.0,0.0
6456,0.0,0.0,0.0,0.0,0.0,0.0,0.0,0.0,0.0,0.0
6457,0.0,0.0,0.0,0.0,0.0,0.0,0.0,0.0,0.0,0.0
6458,0.0,0.0,0.0,0.0,0.0,0.0,0.0,0.0,0.0,0.0
6459,0.0,0.0,0.0,0.0,0.0,0.0,0.0,0.0,0.0,0.0
6460,0.0,0.0,0.0,0.0,0.0,0.0,0.0,0.0,0.0,0.0
6461,0.0,0.0,0.0,0.0,0.0,0.0,750.0,0.0,0.0,750.0
6462,801.78,0.0,0.0,0.0,0.0,0.0,2222.2734,0.0,0.0,3024.0534
6463,3092.78350515464,0.0,0.0,1288.58149484536,0.0,0.0,0.0,0.0,0.0,3092.78350515464
6464,3092.78350515464,0.0,0.0,2484.81649484536,0.0,0.0,0.0,0.0,0.0,3092.78350515464
6465,3092.78350515464,0.0,1182.37128865979,3711.34020618557,0.0,0.0,0.0,0.0,0.0,3092.78350515464
6466,2508.435,0.0,0.0,0.0,0.0,0.0,566.81805,0.0,0.0,3075.25305
6467,3092.78350515464,0.0,0.0,966.14149484536,0.0,0.0,0.0,0.0,0.0,3092.78350515464
6468,3092.78350515464,0.0,0.0,2674.35649484536,0.0,0.0,0.0,0.0,0.0,3092.78350515464
6469,3092.78350515464,0.0,0.0,3113.57149484536,0.0,0.0,0.0,0.0,0.0,3092.78350515464
6470,3092.78350515464,0.0,0.0,3160.70149484536,0.0,0.0,0.0,0.0,0.0,3092.78350515464
6471,3092.78350515464,0.0,0.0,2525.49649484536,0.0,0.0,0.0,0.0,0.0,3092.78350515464
6472,1747.47,0.0,0.0,0.0,0.0,0.0,1304.9541,0.0,0.0,3052.4241
6473,0.0,0.0,0.0,0.0,0.0,0.0,3000.0,0.0,0.0,3000.0
6474,0.0,0.0,0.0,0.0,0.0,0.0,3000.0,0.0,0.0,3000.0
6475,0.0,0.0,0.0,0.0,0.0,0.0,3000.0,0.0,0.0,3000.0
6476,0.0,0.0,0.0,0.0,0.0,0.0,3000.0,0.0,0.0,3000.0
6477,0.0,0.0,0.0,0.0,0.0,0.0,3000.0,0.0,0.0,3000.0
6478,0.0,0.0,0.0,0.0,0.0,0.0,3000.0,0.0,0.0,3000.0
6479,0.0,0.0,0.0,0.0,0.0,0.0,0.0,0.0,0.0,0.0
6480,0.0,0.0,0.0,0.0,0.0,0.0,0.0,0.0,0.0,0.0
6481,0.0,0.0,0.0,0.0,0.0,0.0,0.0,0.0,0.0,0.0
6482,0.0,0.0,0.0,0.0,0.0,0.0,0.0,0.0,0.0,0.0
6483,0.0,0.0,0.0,0.0,0.0,0.0,0.0,0.0,0.0,0.0
6484,0.0,0.0,0.0,0.0,0.0,0.0,0.0,0.0,0.0,0.0
6485,0.0,0.0,0.0,0.0,0.0,0.0,750.0,0.0,0.0,750.0
6486,553.2375,0.0,0.0,0.0,0.0,0.0,2463.359625,0.0,0.0,3016.5971250000002
6487,3092.78350515464,0.0,0.0,1775.75149484536,0.0,0.0,0.0,0.0,0.0,3092.78350515464
6488,3092.78350515464,0.0,0.0,1835.76649484536,0.0,0.0,0.0,0.0,0.0,3092.78350515464
6489,3092.78350515464,0.0,0.0,393.501494845361,0.0,0.0,0.0,0.0,0.0,3092.78350515464
6490,1705.035,0.0,0.0,0.0,0.0,0.0,1346.11605,0.0,0.0,3051.1510500000004
6491,3092.78350515464,0.0,0.0,274.101494845361,0.0,0.0,0.0,0.0,0.0,3092.78350515464
6492,1981.305,0.0,0.0,0.0,0.0,0.0,1078.13415,0.0,0.0,3059.43915
6493,2600.04,0.0,0.0,0.0,0.0,0.0,477.961200000001,0.0,0.0,3078.001200000001
6494,2714.445,0.0,0.0,0.0,0.0,0.0,366.988350000001,0.0,0.0,3081.433350000001
6495,2945.715,0.0,0.0,0.0,0.0,0.0,142.65645,0.0,0.0,3088.37145
6496,388.122,0.0,0.0,0.0,0.0,0.0,2623.52166,0.0,0.0,3011.6436599999997
6497,0.0,0.0,0.0,0.0,0.0,0.0,3000.0,0.0,0.0,3000.0
6498,0.0,0.0,0.0,0.0,0.0,0.0,3000.0,0.0,0.0,3000.0
6499,0.0,0.0,0.0,0.0,0.0,0.0,3000.0,0.0,0.0,3000.0
6500,0.0,0.0,0.0,0.0,0.0,0.0,3000.0,0.0,0.0,3000.0
6501,0.0,0.0,0.0,0.0,0.0,0.0,3000.0,0.0,0.0,3000.0
6502,0.0,0.0,0.0,0.0,0.0,0.0,3000.0,0.0,0.0,3000.0
6503,0.0,0.0,0.0,0.0,0.0,0.0,0.0,0.0,0.0,0.0
6504,0.0,0.0,0.0,0.0,0.0,0.0,0.0,0.0,0.0,0.0
6505,0.0,0.0,0.0,0.0,0.0,0.0,0.0,0.0,0.0,0.0
6506,0.0,0.0,0.0,0.0,0.0,0.0,0.0,0.0,0.0,0.0
6507,0.0,0.0,0.0,0.0,0.0,0.0,0.0,0.0,0.0,0.0
6508,0.0,0.0,0.0,0.0,0.0,0.0,0.0,0.0,0.0,0.0
6509,0.0,0.0,0.0,0.0,0.0,0.0,750.0,0.0,0.0,750.0
6510,2610.705,0.0,0.0,0.0,0.0,0.0,467.61615,0.0,0.0,3078.3211499999998
6511,3092.78350515464,0.0,86.0812886597923,3711.34020618557,0.0,0.0,0.0,0.0,0.0,3092.78350515464
6512,3092.78350515464,0.0,1478.60628865979,3711.34020618557,0.0,0.0,0.0,0.0,0.0,3092.78350515464
6513,3092.78350515464,0.0,0.0,2984.31649484536,0.0,0.0,0.0,0.0,0.0,3092.78350515464
6514,3092.78350515464,0.0,0.0,2300.85649484536,0.0,0.0,0.0,0.0,0.0,3092.78350515464
6515,3092.78350515464,0.0,0.0,2896.56649484536,0.0,0.0,0.0,0.0,0.0,3092.78350515464
6516,3092.78350515464,0.0,0.0,2096.84149484536,0.0,0.0,0.0,0.0,0.0,3092.78350515464
6517,3092.78350515464,0.0,0.0,2263.37149484536,0.0,0.0,0.0,0.0,0.0,3092.78350515464
6518,3092.78350515464,0.0,0.0,2240.09149484536,0.0,0.0,0.0,0.0,0.0,3092.78350515464
6519,3092.78350515464,0.0,0.0,216.801494845361,0.0,0.0,0.0,0.0,0.0,3092.78350515464
6520,0.0,0.0,0.0,0.0,0.0,0.0,3000.0,0.0,0.0,3000.0
6521,0.0,0.0,0.0,0.0,0.0,0.0,3000.0,0.0,0.0,3000.0
6522,0.0,0.0,0.0,0.0,0.0,0.0,3000.0,0.0,0.0,3000.0
6523,0.0,0.0,0.0,0.0,0.0,0.0,3000.0,0.0,0.0,3000.0
6524,0.0,0.0,0.0,0.0,0.0,0.0,3000.0,0.0,0.0,3000.0
6525,0.0,0.0,0.0,0.0,0.0,0.0,3000.0,0.0,0.0,3000.0
6526,0.0,0.0,0.0,0.0,0.0,0.0,3000.0,0.0,0.0,3000.0
6527,0.0,0.0,0.0,0.0,0.0,0.0,0.0,0.0,0.0,0.0
6528,0.0,0.0,0.0,0.0,0.0,0.0,0.0,0.0,0.0,0.0
6529,0.0,0.0,0.0,0.0,0.0,0.0,0.0,0.0,0.0,0.0
6530,0.0,0.0,0.0,0.0,0.0,0.0,0.0,0.0,0.0,0.0
6531,0.0,0.0,0.0,0.0,0.0,0.0,0.0,0.0,0.0,0.0
6532,0.0,0.0,0.0,0.0,0.0,0.0,0.0,0.0,0.0,0.0
6533,0.0,0.0,0.0,0.0,0.0,0.0,750.0,0.0,0.0,750.0
6534,542.859,0.0,0.0,0.0,0.0,0.0,2473.42677,0.0,0.0,3016.28577
6535,3092.78350515464,0.0,0.0,1064.75149484536,0.0,0.0,0.0,0.0,0.0,3092.78350515464
6536,1938.525,0.0,0.0,0.0,0.0,0.0,1119.63075,0.0,0.0,3058.15575
6537,933.822,0.0,0.0,0.0,0.0,0.0,2094.19266,0.0,0.0,3028.0146600000003
6538,1618.32,0.0,0.0,0.0,0.0,0.0,1430.2296,0.0,0.0,3048.5496
6539,1180.9515,0.0,0.0,0.0,0.0,0.0,1854.477045,0.0,0.0,3035.4285449999998
6540,1676.325,0.0,0.0,0.0,0.0,0.0,1373.96475,0.0,0.0,3050.28975
6541,2537.37,0.0,0.0,0.0,0.0,0.0,538.7511,0.0,0.0,3076.1211
6542,1741.23,0.0,0.0,0.0,0.0,0.0,1311.0069,0.0,0.0,3052.2369
6543,625.5735,0.0,0.0,0.0,0.0,0.0,2393.193705,0.0,0.0,3018.767205
6544,0.0,0.0,0.0,0.0,0.0,0.0,3000.0,0.0,0.0,3000.0
6545,0.0,0.0,0.0,0.0,0.0,0.0,3000.0,0.0,0.0,3000.0
6546,0.0,0.0,0.0,0.0,0.0,0.0,3000.0,0.0,0.0,3000.0
6547,0.0,0.0,0.0,0.0,0.0,0.0,3000.0,0.0,0.0,3000.0
6548,0.0,0.0,0.0,0.0,0.0,0.0,3000.0,0.0,0.0,3000.0
6549,0.0,0.0,0.0,0.0,0.0,0.0,3000.0,0.0,0.0,3000.0
6550,0.0,0.0,0.0,0.0,0.0,0.0,3000.0,0.0,0.0,3000.0
6551,0.0,0.0,0.0,0.0,0.0,0.0,0.0,0.0,0.0,0.0
6552,0.0,0.0,0.0,0.0,0.0,0.0,0.0,0.0,0.0,0.0
6553,0.0,0.0,0.0,0.0,0.0,0.0,0.0,0.0,0.0,0.0
6554,0.0,0.0,0.0,0.0,0.0,0.0,0.0,0.0,0.0,0.0
6555,0.0,0.0,0.0,0.0,0.0,0.0,0.0,0.0,0.0,0.0
6556,0.0,0.0,0.0,0.0,0.0,0.0,0.0,0.0,0.0,0.0
6557,0.0,0.0,0.0,0.0,0.0,0.0,750.0,0.0,0.0,750.0
6558,345.168,0.0,0.0,0.0,0.0,0.0,2665.18704,0.0,0.0,3010.35504
6559,2784.225,0.0,0.0,0.0,0.0,0.0,299.30175,0.0,0.0,3083.52675
6560,3092.78350515464,0.0,0.0,2675.37649484536,0.0,0.0,0.0,0.0,0.0,3092.78350515464
6561,3092.78350515464,0.0,0.0,987.62149484536,0.0,0.0,0.0,0.0,0.0,3092.78350515464
6562,3092.78350515464,0.0,0.0,1651.44649484536,0.0,0.0,0.0,0.0,0.0,3092.78350515464
6563,2286.78,0.0,0.0,0.0,0.0,0.0,781.8234,0.0,0.0,3068.6034
6564,910.572,0.0,0.0,0.0,0.0,0.0,2116.74516,0.0,0.0,3027.31716
6565,1628.385,0.0,0.0,0.0,0.0,0.0,1420.46655,0.0,0.0,3048.8515500000003
6566,419.817,0.0,0.0,0.0,0.0,0.0,2592.77751,0.0,0.0,3012.59451
6567,443.544,0.0,0.0,0.0,0.0,0.0,2569.76232,0.0,0.0,3013.3063199999997
6568,0.0,0.0,0.0,0.0,0.0,0.0,3000.0,0.0,0.0,3000.0
6569,0.0,0.0,0.0,0.0,0.0,0.0,3000.0,0.0,0.0,3000.0
6570,0.0,0.0,0.0,0.0,0.0,0.0,3000.0,0.0,0.0,3000.0
6571,0.0,0.0,0.0,0.0,0.0,0.0,3000.0,0.0,0.0,3000.0
6572,0.0,0.0,0.0,0.0,0.0,0.0,3000.0,0.0,0.0,3000.0
6573,0.0,0.0,0.0,0.0,0.0,0.0,3000.0,0.0,0.0,3000.0
6574,0.0,0.0,0.0,0.0,0.0,0.0,3000.0,0.0,0.0,3000.0
6575,0.0,0.0,0.0,0.0,0.0,0.0,0.0,0.0,0.0,0.0
6576,0.0,0.0,0.0,0.0,0.0,0.0,0.0,0.0,0.0,0.0
6577,0.0,0.0,0.0,0.0,0.0,0.0,0.0,0.0,0.0,0.0
6578,0.0,0.0,0.0,0.0,0.0,0.0,0.0,0.0,0.0,0.0
6579,0.0,0.0,0.0,0.0,0.0,0.0,0.0,0.0,0.0,0.0
6580,0.0,0.0,0.0,0.0,0.0,0.0,0.0,0.0,0.0,0.0
6581,0.0,0.0,0.0,0.0,0.0,0.0,750.0,0.0,0.0,750.0
6582,228.3045,0.0,0.0,0.0,0.0,0.0,2778.544635,0.0,0.0,3006.8491350000004
6583,3092.78350515464,0.0,0.0,1049.13649484536,0.0,0.0,0.0,0.0,0.0,3092.78350515464
6584,1457.49,0.0,0.0,0.0,0.0,0.0,1586.2347,0.0,0.0,3043.7246999999998
6585,2447.22,0.0,0.0,0.0,0.0,0.0,626.1966,0.0,0.0,3073.4165999999996
6586,1787.175,0.0,0.0,0.0,0.0,0.0,1266.44025,0.0,0.0,3053.61525
6587,1243.2705,0.0,0.0,0.0,0.0,0.0,1794.027615,0.0,0.0,3037.298115
6588,1220.184,0.0,0.0,0.0,0.0,0.0,1816.42152,0.0,0.0,3036.60552
6589,3092.78350515464,0.0,0.0,3164.28649484536,0.0,0.0,0.0,0.0,0.0,3092.78350515464
6590,868.548,0.0,0.0,0.0,0.0,0.0,2157.50844,0.0,0.0,3026.0564400000003
6591,181.581,0.0,0.0,0.0,0.0,0.0,2823.86643,0.0,0.0,3005.44743
6592,0.0,0.0,0.0,0.0,0.0,0.0,3000.0,0.0,0.0,3000.0
6593,0.0,0.0,0.0,0.0,0.0,0.0,3000.0,0.0,0.0,3000.0
6594,0.0,0.0,0.0,0.0,0.0,0.0,3000.0,0.0,0.0,3000.0
6595,0.0,0.0,0.0,0.0,0.0,0.0,3000.0,0.0,0.0,3000.0
6596,0.0,0.0,0.0,0.0,0.0,0.0,3000.0,0.0,0.0,3000.0
6597,0.0,0.0,0.0,0.0,0.0,0.0,3000.0,0.0,0.0,3000.0
6598,0.0,0.0,0.0,0.0,0.0,0.0,3000.0,0.0,0.0,3000.0
6599,0.0,0.0,0.0,0.0,0.0,0.0,0.0,0.0,0.0,0.0
6600,0.0,0.0,0.0,0.0,0.0,0.0,0.0,0.0,0.0,0.0
6601,0.0,0.0,0.0,0.0,0.0,0.0,0.0,0.0,0.0,0.0
6602,0.0,0.0,0.0,0.0,0.0,0.0,0.0,0.0,0.0,0.0
6603,0.0,0.0,0.0,0.0,0.0,0.0,0.0,0.0,0.0,0.0
6604,0.0,0.0,0.0,0.0,0.0,0.0,0.0,0.0,0.0,0.0
6605,0.0,0.0,0.0,0.0,0.0,0.0,750.0,0.0,0.0,750.0
6606,0.0,0.0,0.0,0.0,0.0,0.0,3000.0,0.0,0.0,3000.0
6607,3092.78350515464,0.0,0.0,1703.31649484536,0.0,0.0,0.0,0.0,0.0,3092.78350515464
6608,3092.78350515464,0.0,0.0,2854.94149484536,0.0,0.0,0.0,0.0,0.0,3092.78350515464
6609,3092.78350515464,0.0,0.0,812.51149484536,0.0,0.0,0.0,0.0,0.0,3092.78350515464
6610,3092.78350515464,0.0,0.0,236.31649484536,0.0,0.0,0.0,0.0,0.0,3092.78350515464
6611,3092.78350515464,0.0,0.0,2278.20649484536,0.0,0.0,0.0,0.0,0.0,3092.78350515464
6612,3092.78350515464,0.0,0.0,1743.78649484536,0.0,0.0,0.0,0.0,0.0,3092.78350515464
6613,3092.78350515464,0.0,0.0,1944.89149484536,0.0,0.0,0.0,0.0,0.0,3092.78350515464
6614,3092.78350515464,0.0,0.0,2047.04149484536,0.0,0.0,0.0,0.0,0.0,3092.78350515464
6615,3092.78350515464,0.0,0.0,1705.01149484536,0.0,0.0,0.0,0.0,0.0,3092.78350515464
6616,0.0,0.0,0.0,0.0,0.0,0.0,3000.0,0.0,0.0,3000.0
6617,0.0,0.0,0.0,0.0,0.0,0.0,3000.0,0.0,0.0,3000.0
6618,0.0,0.0,0.0,0.0,0.0,0.0,3000.0,0.0,0.0,3000.0
6619,0.0,0.0,0.0,0.0,0.0,0.0,3000.0,0.0,0.0,3000.0
6620,0.0,0.0,0.0,0.0,0.0,0.0,3000.0,0.0,0.0,3000.0
6621,0.0,0.0,0.0,0.0,0.0,0.0,3000.0,0.0,0.0,3000.0
6622,0.0,0.0,0.0,0.0,0.0,0.0,3000.0,0.0,0.0,3000.0
6623,0.0,0.0,0.0,0.0,0.0,0.0,0.0,0.0,0.0,0.0
6624,0.0,0.0,0.0,0.0,0.0,0.0,0.0,0.0,0.0,0.0
6625,0.0,0.0,0.0,0.0,0.0,0.0,0.0,0.0,0.0,0.0
6626,0.0,0.0,0.0,0.0,0.0,0.0,0.0,0.0,0.0,0.0
6627,0.0,0.0,0.0,0.0,0.0,0.0,0.0,0.0,0.0,0.0
6628,0.0,0.0,0.0,0.0,0.0,0.0,0.0,0.0,0.0,0.0
6629,0.0,0.0,0.0,0.0,0.0,0.0,750.0,0.0,0.0,750.0
6630,0.0,0.0,0.0,0.0,0.0,0.0,3000.0,0.0,0.0,3000.0
6631,3092.78350515464,0.0,0.0,3021.03649484536,0.0,0.0,0.0,0.0,0.0,3092.78350515464
6632,3092.78350515464,0.0,0.0,2261.03149484536,0.0,0.0,0.0,0.0,0.0,3092.78350515464
6633,3092.78350515464,0.0,0.0,1408.25149484536,0.0,0.0,0.0,0.0,0.0,3092.78350515464
6634,3092.78350515464,0.0,0.0,249.051494845361,0.0,0.0,0.0,0.0,0.0,3092.78350515464
6635,3092.78350515464,0.0,0.0,2031.71149484536,0.0,0.0,0.0,0.0,0.0,3092.78350515464
6636,3092.78350515464,0.0,0.0,2059.59649484536,0.0,0.0,0.0,0.0,0.0,3092.78350515464
6637,2514.03,0.0,0.0,0.0,0.0,0.0,561.3909,0.0,0.0,3075.4209
6638,424.9215,0.0,0.0,0.0,0.0,0.0,2587.826145,0.0,0.0,3012.747645
6639,1269.747,0.0,0.0,0.0,0.0,0.0,1768.34541,0.0,0.0,3038.09241
6640,0.0,0.0,0.0,0.0,0.0,0.0,3000.0,0.0,0.0,3000.0
6641,0.0,0.0,0.0,0.0,0.0,0.0,3000.0,0.0,0.0,3000.0
6642,0.0,0.0,0.0,0.0,0.0,0.0,3000.0,0.0,0.0,3000.0
6643,0.0,0.0,0.0,0.0,0.0,0.0,3000.0,0.0,0.0,3000.0
6644,0.0,0.0,0.0,0.0,0.0,0.0,3000.0,0.0,0.0,3000.0
6645,0.0,0.0,0.0,0.0,0.0,0.0,3000.0,0.0,0.0,3000.0
6646,0.0,0.0,0.0,0.0,0.0,0.0,3000.0,0.0,0.0,3000.0
6647,0.0,0.0,0.0,0.0,0.0,0.0,0.0,0.0,0.0,0.0
6648,0.0,0.0,0.0,0.0,0.0,0.0,0.0,0.0,0.0,0.0
6649,0.0,0.0,0.0,0.0,0.0,0.0,0.0,0.0,0.0,0.0
6650,0.0,0.0,0.0,0.0,0.0,0.0,0.0,0.0,0.0,0.0
6651,0.0,0.0,0.0,0.0,0.0,0.0,0.0,0.0,0.0,0.0
6652,0.0,0.0,0.0,0.0,0.0,0.0,0.0,0.0,0.0,0.0
6653,0.0,0.0,0.0,0.0,0.0,0.0,750.0,0.0,0.0,750.0
6654,0.0,0.0,0.0,0.0,0.0,0.0,3000.0,0.0,0.0,3000.0
6655,2388.585,0.0,0.0,0.0,0.0,0.0,683.07255,0.0,0.0,3071.65755
6656,1765.785,0.0,0.0,0.0,0.0,0.0,1287.18855,0.0,0.0,3052.97355
6657,2127.405,0.0,0.0,0.0,0.0,0.0,936.41715,0.0,0.0,3063.82215
6658,3092.78350515464,0.0,0.0,1366.01149484536,0.0,0.0,0.0,0.0,0.0,3092.78350515464
6659,3092.78350515464,0.0,0.0,2041.92649484536,0.0,0.0,0.0,0.0,0.0,3092.78350515464
6660,3092.78350515464,0.0,0.0,1782.93649484536,0.0,0.0,0.0,0.0,0.0,3092.78350515464
6661,3092.78350515464,0.0,0.0,2590.05649484536,0.0,0.0,0.0,0.0,0.0,3092.78350515464
6662,3092.78350515464,0.0,0.0,88.0864948453604,0.0,0.0,0.0,0.0,0.0,3092.78350515464
6663,1248.042,0.0,0.0,0.0,0.0,0.0,1789.39926,0.0,0.0,3037.4412599999996
6664,0.0,0.0,0.0,0.0,0.0,0.0,3000.0,0.0,0.0,3000.0
6665,0.0,0.0,0.0,0.0,0.0,0.0,3000.0,0.0,0.0,3000.0
6666,0.0,0.0,0.0,0.0,0.0,0.0,3000.0,0.0,0.0,3000.0
6667,0.0,0.0,0.0,0.0,0.0,0.0,3000.0,0.0,0.0,3000.0
6668,0.0,0.0,0.0,0.0,0.0,0.0,3000.0,0.0,0.0,3000.0
6669,0.0,0.0,0.0,0.0,0.0,0.0,3000.0,0.0,0.0,3000.0
6670,0.0,0.0,0.0,0.0,0.0,0.0,3000.0,0.0,0.0,3000.0
6671,0.0,0.0,0.0,0.0,0.0,0.0,0.0,0.0,0.0,0.0
6672,0.0,0.0,0.0,0.0,0.0,0.0,0.0,0.0,0.0,0.0
6673,0.0,0.0,0.0,0.0,0.0,0.0,0.0,0.0,0.0,0.0
6674,0.0,0.0,0.0,0.0,0.0,0.0,0.0,0.0,0.0,0.0
6675,0.0,0.0,0.0,0.0,0.0,0.0,0.0,0.0,0.0,0.0
6676,0.0,0.0,0.0,0.0,0.0,0.0,0.0,0.0,0.0,0.0
6677,0.0,0.0,0.0,0.0,0.0,0.0,750.0,0.0,0.0,750.0
6678,0.0,0.0,0.0,0.0,0.0,0.0,3000.0,0.0,0.0,3000.0
6679,3092.78350515464,0.0,0.0,1735.85149484536,0.0,0.0,0.0,0.0,0.0,3092.78350515464
6680,2223.51,0.0,0.0,0.0,0.0,0.0,843.1953,0.0,0.0,3066.7053
6681,3092.78350515464,0.0,0.0,724.716494845361,0.0,0.0,0.0,0.0,0.0,3092.78350515464
6682,1938.645,0.0,0.0,0.0,0.0,0.0,1119.51435,0.0,0.0,3058.15935
6683,3092.78350515464,0.0,0.0,397.851494845361,0.0,0.0,0.0,0.0,0.0,3092.78350515464
6684,2879.865,0.0,0.0,0.0,0.0,0.0,206.53095,0.0,0.0,3086.3959499999996
6685,2130.66,0.0,0.0,0.0,0.0,0.0,933.2598,0.0,0.0,3063.9197999999997
6686,636.6765,0.0,0.0,0.0,0.0,0.0,2382.423795,0.0,0.0,3019.100295
6687,394.3665,0.0,0.0,0.0,0.0,0.0,2617.464495,0.0,0.0,3011.8309950000003
6688,0.0,0.0,0.0,0.0,0.0,0.0,3000.0,0.0,0.0,3000.0
6689,0.0,0.0,0.0,0.0,0.0,0.0,3000.0,0.0,0.0,3000.0
6690,0.0,0.0,0.0,0.0,0.0,0.0,3000.0,0.0,0.0,3000.0
6691,0.0,0.0,0.0,0.0,0.0,0.0,3000.0,0.0,0.0,3000.0
6692,0.0,0.0,0.0,0.0,0.0,0.0,3000.0,0.0,0.0,3000.0
6693,0.0,0.0,0.0,0.0,0.0,0.0,3000.0,0.0,0.0,3000.0
6694,0.0,0.0,0.0,0.0,0.0,0.0,3000.0,0.0,0.0,3000.0
6695,0.0,0.0,0.0,0.0,0.0,0.0,0.0,0.0,0.0,0.0
6696,0.0,0.0,0.0,0.0,0.0,0.0,0.0,0.0,0.0,0.0
6697,0.0,0.0,0.0,0.0,0.0,0.0,0.0,0.0,0.0,0.0
6698,0.0,0.0,0.0,0.0,0.0,0.0,0.0,0.0,0.0,0.0
6699,0.0,0.0,0.0,0.0,0.0,0.0,0.0,0.0,0.0,0.0
6700,0.0,0.0,0.0,0.0,0.0,0.0,0.0,0.0,0.0,0.0
6701,0.0,0.0,0.0,0.0,0.0,0.0,750.0,0.0,0.0,750.0
6702,0.0,0.0,0.0,0.0,0.0,0.0,3000.0,0.0,0.0,3000.0
6703,2217.69,0.0,0.0,0.0,0.0,0.0,848.8407,0.0,0.0,3066.5307000000003
6704,3092.78350515464,0.0,1459.09128865979,3711.34020618557,0.0,0.0,0.0,0.0,0.0,3092.78350515464
6705,3092.78350515464,0.0,0.0,3522.77149484536,0.0,0.0,0.0,0.0,0.0,3092.78350515464
6706,3092.78350515464,0.0,620.336288659793,3711.34020618557,0.0,0.0,0.0,0.0,0.0,3092.78350515464
6707,3092.78350515464,0.0,0.0,2684.34649484536,0.0,0.0,0.0,0.0,0.0,3092.78350515464
6708,3092.78350515464,0.0,0.0,1880.13649484536,0.0,0.0,0.0,0.0,0.0,3092.78350515464
6709,3092.78350515464,0.0,0.0,3061.71649484536,0.0,0.0,0.0,0.0,0.0,3092.78350515464
6710,3092.78350515464,0.0,0.0,2642.12149484536,0.0,0.0,0.0,0.0,0.0,3092.78350515464
6711,3092.78350515464,0.0,0.0,933.426494845361,0.0,0.0,0.0,0.0,0.0,3092.78350515464
6712,0.0,0.0,0.0,0.0,0.0,0.0,3000.0,0.0,0.0,3000.0
6713,0.0,0.0,0.0,0.0,0.0,0.0,3000.0,0.0,0.0,3000.0
6714,0.0,0.0,0.0,0.0,0.0,0.0,3000.0,0.0,0.0,3000.0
6715,0.0,0.0,0.0,0.0,0.0,0.0,3000.0,0.0,0.0,3000.0
6716,0.0,0.0,0.0,0.0,0.0,0.0,3000.0,0.0,0.0,3000.0
6717,0.0,0.0,0.0,0.0,0.0,0.0,3000.0,0.0,0.0,3000.0
6718,0.0,0.0,0.0,0.0,0.0,0.0,3000.0,0.0,0.0,3000.0
6719,0.0,0.0,0.0,0.0,0.0,0.0,0.0,0.0,0.0,0.0
6720,0.0,0.0,0.0,0.0,0.0,0.0,0.0,0.0,0.0,0.0
6721,0.0,0.0,0.0,0.0,0.0,0.0,0.0,0.0,0.0,0.0
6722,0.0,0.0,0.0,0.0,0.0,0.0,0.0,0.0,0.0,0.0
6723,0.0,0.0,0.0,0.0,0.0,0.0,0.0,0.0,0.0,0.0
6724,0.0,0.0,0.0,0.0,0.0,0.0,0.0,0.0,0.0,0.0
6725,0.0,0.0,0.0,0.0,0.0,0.0,750.0,0.0,0.0,750.0
6726,0.0,0.0,0.0,0.0,0.0,0.0,3000.0,0.0,0.0,3000.0
6727,192.84,0.0,0.0,0.0,0.0,0.0,2812.9452,0.0,0.0,3005.7852000000003
6728,558.879,0.0,0.0,0.0,0.0,0.0,2457.88737,0.0,0.0,3016.76637
6729,1092.3045,0.0,0.0,0.0,0.0,0.0,1940.464635,0.0,0.0,3032.769135
6730,2344.755,0.0,0.0,0.0,0.0,0.0,725.58765,0.0,0.0,3070.34265
6731,2132.22,0.0,0.0,0.0,0.0,0.0,931.7466,0.0,0.0,3063.9665999999997
6732,1112.259,0.0,0.0,0.0,0.0,0.0,1921.10877,0.0,0.0,3033.36777
6733,1585.05,0.0,0.0,0.0,0.0,0.0,1462.5015,0.0,0.0,3047.5515
6734,1507.98,0.0,0.0,0.0,0.0,0.0,1537.2594,0.0,0.0,3045.2394
6735,369.081,0.0,0.0,0.0,0.0,0.0,2641.99143,0.0,0.0,3011.07243
6736,0.0,0.0,0.0,0.0,0.0,0.0,3000.0,0.0,0.0,3000.0
6737,0.0,0.0,0.0,0.0,0.0,0.0,3000.0,0.0,0.0,3000.0
6738,0.0,0.0,0.0,0.0,0.0,0.0,3000.0,0.0,0.0,3000.0
6739,0.0,0.0,0.0,0.0,0.0,0.0,3000.0,0.0,0.0,3000.0
6740,0.0,0.0,0.0,0.0,0.0,0.0,3000.0,0.0,0.0,3000.0
6741,0.0,0.0,0.0,0.0,0.0,0.0,3000.0,0.0,0.0,3000.0
6742,0.0,0.0,0.0,0.0,0.0,0.0,3000.0,0.0,0.0,3000.0
6743,0.0,0.0,0.0,0.0,0.0,0.0,0.0,0.0,0.0,0.0
6744,0.0,0.0,0.0,0.0,0.0,0.0,0.0,0.0,0.0,0.0
6745,0.0,0.0,0.0,0.0,0.0,0.0,0.0,0.0,0.0,0.0
6746,0.0,0.0,0.0,0.0,0.0,0.0,0.0,0.0,0.0,0.0
6747,0.0,0.0,0.0,0.0,0.0,0.0,0.0,0.0,0.0,0.0
6748,0.0,0.0,0.0,0.0,0.0,0.0,0.0,0.0,0.0,0.0
6749,0.0,0.0,0.0,0.0,0.0,0.0,750.0,0.0,0.0,750.0
6750,0.0,0.0,0.0,0.0,0.0,0.0,3000.0,0.0,0.0,3000.0
6751,3092.78350515464,0.0,0.0,1716.75649484536,0.0,0.0,0.0,0.0,0.0,3092.78350515464
6752,3092.78350515464,0.0,0.0,2016.54649484536,0.0,0.0,0.0,0.0,0.0,3092.78350515464
6753,3092.78350515464,0.0,0.0,1023.86149484536,0.0,0.0,0.0,0.0,0.0,3092.78350515464
6754,1880.28,0.0,0.0,0.0,0.0,0.0,1176.1284,0.0,0.0,3056.4084000000003
6755,710.181,0.0,0.0,0.0,0.0,0.0,2311.12443,0.0,0.0,3021.30543
6756,1270.548,0.0,0.0,0.0,0.0,0.0,1767.56844,0.0,0.0,3038.11644
6757,792.777,0.0,0.0,0.0,0.0,0.0,2231.00631,0.0,0.0,3023.7833100000003
6758,436.44,0.0,0.0,0.0,0.0,0.0,2576.6532,0.0,0.0,3013.0932000000003
6759,195.81,0.0,0.0,0.0,0.0,0.0,2810.0643,0.0,0.0,3005.8743
6760,0.0,0.0,0.0,0.0,0.0,0.0,3000.0,0.0,0.0,3000.0
6761,0.0,0.0,0.0,0.0,0.0,0.0,3000.0,0.0,0.0,3000.0
6762,0.0,0.0,0.0,0.0,0.0,0.0,3000.0,0.0,0.0,3000.0
6763,0.0,0.0,0.0,0.0,0.0,0.0,3000.0,0.0,0.0,3000.0
6764,0.0,0.0,0.0,0.0,0.0,0.0,3000.0,0.0,0.0,3000.0
6765,0.0,0.0,0.0,0.0,0.0,0.0,3000.0,0.0,0.0,3000.0
6766,0.0,0.0,0.0,0.0,0.0,0.0,3000.0,0.0,0.0,3000.0
6767,0.0,0.0,0.0,0.0,0.0,0.0,0.0,0.0,0.0,0.0
6768,0.0,0.0,0.0,0.0,0.0,0.0,0.0,0.0,0.0,0.0
6769,0.0,0.0,0.0,0.0,0.0,0.0,0.0,0.0,0.0,0.0
6770,0.0,0.0,0.0,0.0,0.0,0.0,0.0,0.0,0.0,0.0
6771,0.0,0.0,0.0,0.0,0.0,0.0,0.0,0.0,0.0,0.0
6772,0.0,0.0,0.0,0.0,0.0,0.0,0.0,0.0,0.0,0.0
6773,0.0,0.0,0.0,0.0,0.0,0.0,750.0,0.0,0.0,750.0
6774,0.0,0.0,0.0,0.0,0.0,0.0,3000.0,0.0,0.0,3000.0
6775,1908.6,0.0,0.0,0.0,0.0,0.0,1148.658,0.0,0.0,3057.258
6776,1439.0325,0.0,0.0,0.0,0.0,0.0,1604.138475,0.0,0.0,3043.170975
6777,691.839,0.0,0.0,0.0,0.0,0.0,2328.91617,0.0,0.0,3020.75517
6778,846.8115,0.0,0.0,0.0,0.0,0.0,2178.592845,0.0,0.0,3025.404345
6779,792.963,0.0,0.0,0.0,0.0,0.0,2230.82589,0.0,0.0,3023.78889
6780,535.0245,0.0,0.0,0.0,0.0,0.0,2481.026235,0.0,0.0,3016.050735
6781,424.839,0.0,0.0,0.0,0.0,0.0,2587.90617,0.0,0.0,3012.74517
6782,227.205,0.0,0.0,0.0,0.0,0.0,2779.61115,0.0,0.0,3006.81615
6783,95.21025,0.0,0.0,0.0,0.0,0.0,2907.6460575,0.0,0.0,3002.8563075
6784,0.0,0.0,0.0,0.0,0.0,0.0,3000.0,0.0,0.0,3000.0
6785,0.0,0.0,0.0,0.0,0.0,0.0,3000.0,0.0,0.0,3000.0
6786,0.0,0.0,0.0,0.0,0.0,0.0,3000.0,0.0,0.0,3000.0
6787,0.0,0.0,0.0,0.0,0.0,0.0,3000.0,0.0,0.0,3000.0
6788,0.0,0.0,0.0,0.0,0.0,0.0,3000.0,0.0,0.0,3000.0
6789,0.0,0.0,0.0,0.0,0.0,0.0,3000.0,0.0,0.0,3000.0
6790,0.0,0.0,0.0,0.0,0.0,0.0,3000.0,0.0,0.0,3000.0
6791,0.0,0.0,0.0,0.0,0.0,0.0,0.0,0.0,0.0,0.0
6792,0.0,0.0,0.0,0.0,0.0,0.0,0.0,0.0,0.0,0.0
6793,0.0,0.0,0.0,0.0,0.0,0.0,0.0,0.0,0.0,0.0
6794,0.0,0.0,0.0,0.0,0.0,0.0,0.0,0.0,0.0,0.0
6795,0.0,0.0,0.0,0.0,0.0,0.0,0.0,0.0,0.0,0.0
6796,0.0,0.0,0.0,0.0,0.0,0.0,0.0,0.0,0.0,0.0
6797,0.0,0.0,0.0,0.0,0.0,0.0,750.0,0.0,0.0,750.0
6798,0.0,0.0,0.0,0.0,0.0,0.0,3000.0,0.0,0.0,3000.0
6799,3092.78350515464,0.0,0.0,540.93649484536,0.0,0.0,0.0,0.0,0.0,3092.78350515464
6800,3092.78350515464,0.0,205.961288659793,3711.34020618557,0.0,0.0,0.0,0.0,0.0,3092.78350515464
6801,2146.47,0.0,0.0,0.0,0.0,0.0,917.9241,0.0,0.0,3064.3940999999995
6802,1102.7055,0.0,0.0,0.0,0.0,0.0,1930.375665,0.0,0.0,3033.081165
6803,1063.167,0.0,0.0,0.0,0.0,0.0,1968.72801,0.0,0.0,3031.89501
6804,755.112,0.0,0.0,0.0,0.0,0.0,2267.54136,0.0,0.0,3022.6533600000002
6805,773.4375,0.0,0.0,0.0,0.0,0.0,2249.765625,0.0,0.0,3023.203125
6806,431.0895,0.0,0.0,0.0,0.0,0.0,2581.843185,0.0,0.0,3012.932685
6807,157.1445,0.0,0.0,0.0,0.0,0.0,2847.569835,0.0,0.0,3004.7143349999997
6808,0.0,0.0,0.0,0.0,0.0,0.0,3000.0,0.0,0.0,3000.0
6809,0.0,0.0,0.0,0.0,0.0,0.0,3000.0,0.0,0.0,3000.0
6810,0.0,0.0,0.0,0.0,0.0,0.0,3000.0,0.0,0.0,3000.0
6811,0.0,0.0,0.0,0.0,0.0,0.0,3000.0,0.0,0.0,3000.0
6812,0.0,0.0,0.0,0.0,0.0,0.0,3000.0,0.0,0.0,3000.0
6813,0.0,0.0,0.0,0.0,0.0,0.0,3000.0,0.0,0.0,3000.0
6814,0.0,0.0,0.0,0.0,0.0,0.0,3000.0,0.0,0.0,3000.0
6815,0.0,0.0,0.0,0.0,0.0,0.0,0.0,0.0,0.0,0.0
6816,0.0,0.0,0.0,0.0,0.0,0.0,0.0,0.0,0.0,0.0
6817,0.0,0.0,0.0,0.0,0.0,0.0,0.0,0.0,0.0,0.0
6818,0.0,0.0,0.0,0.0,0.0,0.0,0.0,0.0,0.0,0.0
6819,0.0,0.0,0.0,0.0,0.0,0.0,0.0,0.0,0.0,0.0
6820,0.0,0.0,0.0,0.0,0.0,0.0,0.0,0.0,0.0,0.0
6821,0.0,0.0,0.0,0.0,0.0,0.0,750.0,0.0,0.0,750.0
6822,0.0,0.0,0.0,0.0,0.0,0.0,3000.0,0.0,0.0,3000.0
6823,3092.78350515464,0.0,0.0,208.58149484536,0.0,0.0,0.0,0.0,0.0,3092.78350515464
6824,3092.78350515464,0.0,0.0,288.06649484536,0.0,0.0,0.0,0.0,0.0,3092.78350515464
6825,3092.78350515464,0.0,0.0,2656.10149484536,0.0,0.0,0.0,0.0,0.0,3092.78350515464
6826,3092.78350515464,0.0,0.0,3608.64649484536,0.0,0.0,0.0,0.0,0.0,3092.78350515464
6827,3092.78350515464,0.0,0.0,2062.85149484536,0.0,0.0,0.0,0.0,0.0,3092.78350515464
6828,3092.78350515464,0.0,0.0,1564.46149484536,0.0,0.0,0.0,0.0,0.0,3092.78350515464
6829,3092.78350515464,0.0,0.0,2268.08149484536,0.0,0.0,0.0,0.0,0.0,3092.78350515464
6830,3092.78350515464,0.0,0.0,1339.73149484536,0.0,0.0,0.0,0.0,0.0,3092.78350515464
6831,1777.035,0.0,0.0,0.0,0.0,0.0,1276.27605,0.0,0.0,3053.3110500000003
6832,0.0,0.0,0.0,0.0,0.0,0.0,3000.0,0.0,0.0,3000.0
6833,0.0,0.0,0.0,0.0,0.0,0.0,3000.0,0.0,0.0,3000.0
6834,0.0,0.0,0.0,0.0,0.0,0.0,3000.0,0.0,0.0,3000.0
6835,0.0,0.0,0.0,0.0,0.0,0.0,3000.0,0.0,0.0,3000.0
6836,0.0,0.0,0.0,0.0,0.0,0.0,3000.0,0.0,0.0,3000.0
6837,0.0,0.0,0.0,0.0,0.0,0.0,3000.0,0.0,0.0,3000.0
6838,0.0,0.0,0.0,0.0,0.0,0.0,3000.0,0.0,0.0,3000.0
6839,0.0,0.0,0.0,0.0,0.0,0.0,0.0,0.0,0.0,0.0
6840,0.0,0.0,0.0,0.0,0.0,0.0,0.0,0.0,0.0,0.0
6841,0.0,0.0,0.0,0.0,0.0,0.0,0.0,0.0,0.0,0.0
6842,0.0,0.0,0.0,0.0,0.0,0.0,0.0,0.0,0.0,0.0
6843,0.0,0.0,0.0,0.0,0.0,0.0,0.0,0.0,0.0,0.0
6844,0.0,0.0,0.0,0.0,0.0,0.0,0.0,0.0,0.0,0.0
6845,0.0,0.0,0.0,0.0,0.0,0.0,750.0,0.0,0.0,750.0
6846,0.0,0.0,0.0,0.0,0.0,0.0,3000.0,0.0,0.0,3000.0
6847,2874.96,0.0,0.0,0.0,0.0,0.0,211.2888,0.0,0.0,3086.2488
6848,3092.78350515464,0.0,0.0,768.24649484536,0.0,0.0,0.0,0.0,0.0,3092.78350515464
6849,3092.78350515464,0.0,0.0,614.946494845361,0.0,0.0,0.0,0.0,0.0,3092.78350515464
6850,3092.78350515464,0.0,0.0,1424.39149484536,0.0,0.0,0.0,0.0,0.0,3092.78350515464
6851,3092.78350515464,0.0,0.0,1134.93649484536,0.0,0.0,0.0,0.0,0.0,3092.78350515464
6852,3092.78350515464,0.0,0.0,938.91649484536,0.0,0.0,0.0,0.0,0.0,3092.78350515464
6853,3092.78350515464,0.0,0.0,790.41649484536,0.0,0.0,0.0,0.0,0.0,3092.78350515464
6854,2975.1,0.0,0.0,0.0,0.0,0.0,114.153,0.0,0.0,3089.2529999999997
6855,1655.205,0.0,0.0,0.0,0.0,0.0,1394.45115,0.0,0.0,3049.65615
6856,0.0,0.0,0.0,0.0,0.0,0.0,3000.0,0.0,0.0,3000.0
6857,0.0,0.0,0.0,0.0,0.0,0.0,3000.0,0.0,0.0,3000.0
6858,0.0,0.0,0.0,0.0,0.0,0.0,3000.0,0.0,0.0,3000.0
6859,0.0,0.0,0.0,0.0,0.0,0.0,3000.0,0.0,0.0,3000.0
6860,0.0,0.0,0.0,0.0,0.0,0.0,3000.0,0.0,0.0,3000.0
6861,0.0,0.0,0.0,0.0,0.0,0.0,3000.0,0.0,0.0,3000.0
6862,0.0,0.0,0.0,0.0,0.0,0.0,3000.0,0.0,0.0,3000.0
6863,0.0,0.0,0.0,0.0,0.0,0.0,0.0,0.0,0.0,0.0
6864,0.0,0.0,0.0,0.0,0.0,0.0,0.0,0.0,0.0,0.0
6865,0.0,0.0,0.0,0.0,0.0,0.0,0.0,0.0,0.0,0.0
6866,0.0,0.0,0.0,0.0,0.0,0.0,0.0,0.0,0.0,0.0
6867,0.0,0.0,0.0,0.0,0.0,0.0,0.0,0.0,0.0,0.0
6868,0.0,0.0,0.0,0.0,0.0,0.0,0.0,0.0,0.0,0.0
6869,0.0,0.0,0.0,0.0,0.0,0.0,750.0,0.0,0.0,750.0
6870,0.0,0.0,0.0,0.0,0.0,0.0,3000.0,0.0,0.0,3000.0
6871,2816.145,0.0,0.0,0.0,0.0,0.0,268.33935,0.0,0.0,3084.48435
6872,3092.78350515464,0.0,82.3912886597927,3711.34020618557,0.0,0.0,0.0,0.0,0.0,3092.78350515464
6873,3092.78350515464,0.0,340.706288659792,3711.34020618557,0.0,0.0,0.0,0.0,0.0,3092.78350515464
6874,3092.78350515464,0.0,0.0,3432.30649484536,0.0,0.0,0.0,0.0,0.0,3092.78350515464
6875,3092.78350515464,0.0,0.0,1939.01149484536,0.0,0.0,0.0,0.0,0.0,3092.78350515464
6876,3092.78350515464,0.0,0.0,1314.59149484536,0.0,0.0,0.0,0.0,0.0,3092.78350515464
6877,3092.78350515464,0.0,0.0,2204.78149484536,0.0,0.0,0.0,0.0,0.0,3092.78350515464
6878,3092.78350515464,0.0,0.0,1077.30649484536,0.0,0.0,0.0,0.0,0.0,3092.78350515464
6879,1025.088,0.0,0.0,0.0,0.0,0.0,2005.66464,0.0,0.0,3030.7526399999997
6880,0.0,0.0,0.0,0.0,0.0,0.0,3000.0,0.0,0.0,3000.0
6881,0.0,0.0,0.0,0.0,0.0,0.0,3000.0,0.0,0.0,3000.0
6882,0.0,0.0,0.0,0.0,0.0,0.0,3000.0,0.0,0.0,3000.0
6883,0.0,0.0,0.0,0.0,0.0,0.0,3000.0,0.0,0.0,3000.0
6884,0.0,0.0,0.0,0.0,0.0,0.0,3000.0,0.0,0.0,3000.0
6885,0.0,0.0,0.0,0.0,0.0,0.0,3000.0,0.0,0.0,3000.0
6886,0.0,0.0,0.0,0.0,0.0,0.0,3000.0,0.0,0.0,3000.0
6887,0.0,0.0,0.0,0.0,0.0,0.0,0.0,0.0,0.0,0.0
6888,0.0,0.0,0.0,0.0,0.0,0.0,0.0,0.0,0.0,0.0
6889,0.0,0.0,0.0,0.0,0.0,0.0,0.0,0.0,0.0,0.0
6890,0.0,0.0,0.0,0.0,0.0,0.0,0.0,0.0,0.0,0.0
6891,0.0,0.0,0.0,0.0,0.0,0.0,0.0,0.0,0.0,0.0
6892,0.0,0.0,0.0,0.0,0.0,0.0,0.0,0.0,0.0,0.0
6893,0.0,0.0,0.0,0.0,0.0,0.0,750.0,0.0,0.0,750.0
6894,0.0,0.0,0.0,0.0,0.0,0.0,3000.0,0.0,0.0,3000.0
6895,2686.095,0.0,0.0,0.0,0.0,0.0,394.48785,0.0,0.0,3080.58285
6896,3092.78350515464,0.0,0.0,3646.98649484536,0.0,0.0,0.0,0.0,0.0,3092.78350515464
6897,3092.78350515464,0.0,226.691288659793,3711.34020618557,0.0,0.0,0.0,0.0,0.0,3092.78350515464
6898,3092.78350515464,0.0,0.0,3347.49649484536,0.0,0.0,0.0,0.0,0.0,3092.78350515464
6899,3092.78350515464,0.0,0.0,1774.25149484536,0.0,0.0,0.0,0.0,0.0,3092.78350515464
6900,3092.78350515464,0.0,0.0,1120.68649484536,0.0,0.0,0.0,0.0,0.0,3092.78350515464
6901,3092.78350515464,0.0,0.0,2016.14149484536,0.0,0.0,0.0,0.0,0.0,3092.78350515464
6902,3092.78350515464,0.0,0.0,879.89149484536,0.0,0.0,0.0,0.0,0.0,3092.78350515464
6903,863.8605,0.0,0.0,0.0,0.0,0.0,2162.055315,0.0,0.0,3025.9158150000003
6904,0.0,0.0,0.0,0.0,0.0,0.0,3000.0,0.0,0.0,3000.0
6905,0.0,0.0,0.0,0.0,0.0,0.0,3000.0,0.0,0.0,3000.0
6906,0.0,0.0,0.0,0.0,0.0,0.0,3000.0,0.0,0.0,3000.0
6907,0.0,0.0,0.0,0.0,0.0,0.0,3000.0,0.0,0.0,3000.0
6908,0.0,0.0,0.0,0.0,0.0,0.0,3000.0,0.0,0.0,3000.0
6909,0.0,0.0,0.0,0.0,0.0,0.0,3000.0,0.0,0.0,3000.0
6910,0.0,0.0,0.0,0.0,0.0,0.0,3000.0,0.0,0.0,3000.0
6911,0.0,0.0,0.0,0.0,0.0,0.0,0.0,0.0,0.0,0.0
6912,0.0,0.0,0.0,0.0,0.0,0.0,0.0,0.0,0.0,0.0
6913,0.0,0.0,0.0,0.0,0.0,0.0,0.0,0.0,0.0,0.0
6914,0.0,0.0,0.0,0.0,0.0,0.0,0.0,0.0,0.0,0.0
6915,0.0,0.0,0.0,0.0,0.0,0.0,0.0,0.0,0.0,0.0
6916,0.0,0.0,0.0,0.0,0.0,0.0,0.0,0.0,0.0,0.0
6917,0.0,0.0,0.0,0.0,0.0,0.0,750.0,0.0,0.0,750.0
6918,0.0,0.0,0.0,0.0,0.0,0.0,3000.0,0.0,0.0,3000.0
6919,3092.78350515464,0.0,0.0,134.31649484536,0.0,0.0,0.0,0.0,0.0,3092.78350515464
6920,3092.78350515464,0.0,0.0,2228.31649484536,0.0,0.0,0.0,0.0,0.0,3092.78350515464
6921,3092.78350515464,0.0,0.0,565.65649484536,0.0,0.0,0.0,0.0,0.0,3092.78350515464
6922,3092.78350515464,0.0,0.0,1352.87149484536,0.0,0.0,0.0,0.0,0.0,3092.78350515464
6923,3092.78350515464,0.0,0.0,135.56149484536,0.0,0.0,0.0,0.0,0.0,3092.78350515464
6924,2711.025,0.0,0.0,0.0,0.0,0.0,370.30575,0.0,0.0,3081.33075
6925,1767.96,0.0,0.0,0.0,0.0,0.0,1285.0788,0.0,0.0,3053.0388000000003
6926,729.2055,0.0,0.0,0.0,0.0,0.0,2292.670665,0.0,0.0,3021.876165
6927,8.63145,0.0,0.0,0.0,0.0,0.0,2991.6274935,0.0,0.0,3000.2589435
6928,0.0,0.0,0.0,0.0,0.0,0.0,3000.0,0.0,0.0,3000.0
6929,0.0,0.0,0.0,0.0,0.0,0.0,3000.0,0.0,0.0,3000.0
6930,0.0,0.0,0.0,0.0,0.0,0.0,3000.0,0.0,0.0,3000.0
6931,0.0,0.0,0.0,0.0,0.0,0.0,3000.0,0.0,0.0,3000.0
6932,0.0,0.0,0.0,0.0,0.0,0.0,3000.0,0.0,0.0,3000.0
6933,0.0,0.0,0.0,0.0,0.0,0.0,3000.0,0.0,0.0,3000.0
6934,0.0,0.0,0.0,0.0,0.0,0.0,3000.0,0.0,0.0,3000.0
6935,0.0,0.0,0.0,0.0,0.0,0.0,0.0,0.0,0.0,0.0
6936,0.0,0.0,0.0,0.0,0.0,0.0,0.0,0.0,0.0,0.0
6937,0.0,0.0,0.0,0.0,0.0,0.0,0.0,0.0,0.0,0.0
6938,0.0,0.0,0.0,0.0,0.0,0.0,0.0,0.0,0.0,0.0
6939,0.0,0.0,0.0,0.0,0.0,0.0,0.0,0.0,0.0,0.0
6940,0.0,0.0,0.0,0.0,0.0,0.0,0.0,0.0,0.0,0.0
6941,0.0,0.0,0.0,0.0,0.0,0.0,750.0,0.0,0.0,750.0
6942,0.0,0.0,0.0,0.0,0.0,0.0,3000.0,0.0,0.0,3000.0
6943,1646.685,0.0,0.0,0.0,0.0,0.0,1402.71555,0.0,0.0,3049.40055
6944,1906.83,0.0,0.0,0.0,0.0,0.0,1150.3749,0.0,0.0,3057.2048999999997
6945,1113.4665,0.0,0.0,0.0,0.0,0.0,1919.937495,0.0,0.0,3033.4039949999997
6946,3092.78350515464,0.0,0.0,427.341494845361,0.0,0.0,0.0,0.0,0.0,3092.78350515464
6947,3092.78350515464,0.0,0.0,1395.60649484536,0.0,0.0,0.0,0.0,0.0,3092.78350515464
6948,3092.78350515464,0.0,0.0,791.78149484536,0.0,0.0,0.0,0.0,0.0,3092.78350515464
6949,2698.83,0.0,0.0,0.0,0.0,0.0,382.1349,0.0,0.0,3080.9649
6950,3092.78350515464,0.0,0.0,457.01149484536,0.0,0.0,0.0,0.0,0.0,3092.78350515464
6951,36.465,0.0,0.0,0.0,0.0,0.0,2964.62895,0.0,0.0,3001.09395
6952,0.0,0.0,0.0,0.0,0.0,0.0,3000.0,0.0,0.0,3000.0
6953,0.0,0.0,0.0,0.0,0.0,0.0,3000.0,0.0,0.0,3000.0
6954,0.0,0.0,0.0,0.0,0.0,0.0,3000.0,0.0,0.0,3000.0
6955,0.0,0.0,0.0,0.0,0.0,0.0,3000.0,0.0,0.0,3000.0
6956,0.0,0.0,0.0,0.0,0.0,0.0,3000.0,0.0,0.0,3000.0
6957,0.0,0.0,0.0,0.0,0.0,0.0,3000.0,0.0,0.0,3000.0
6958,0.0,0.0,0.0,0.0,0.0,0.0,3000.0,0.0,0.0,3000.0
6959,0.0,0.0,0.0,0.0,0.0,0.0,0.0,0.0,0.0,0.0
6960,0.0,0.0,0.0,0.0,0.0,0.0,0.0,0.0,0.0,0.0
6961,0.0,0.0,0.0,0.0,0.0,0.0,0.0,0.0,0.0,0.0
6962,0.0,0.0,0.0,0.0,0.0,0.0,0.0,0.0,0.0,0.0
6963,0.0,0.0,0.0,0.0,0.0,0.0,0.0,0.0,0.0,0.0
6964,0.0,0.0,0.0,0.0,0.0,0.0,0.0,0.0,0.0,0.0
6965,0.0,0.0,0.0,0.0,0.0,0.0,750.0,0.0,0.0,750.0
6966,0.0,0.0,0.0,0.0,0.0,0.0,3000.0,0.0,0.0,3000.0
6967,121.1412,0.0,0.0,0.0,0.0,0.0,2882.493036,0.0,0.0,3003.634236
6968,3092.78350515464,0.0,0.0,146.841494845361,0.0,0.0,0.0,0.0,0.0,3092.78350515464
6969,3092.78350515464,0.0,0.0,1738.80649484536,0.0,0.0,0.0,0.0,0.0,3092.78350515464
6970,3092.78350515464,0.0,0.0,2672.91649484536,0.0,0.0,0.0,0.0,0.0,3092.78350515464
6971,3092.78350515464,0.0,0.0,1514.37649484536,0.0,0.0,0.0,0.0,0.0,3092.78350515464
6972,3092.78350515464,0.0,0.0,789.18649484536,0.0,0.0,0.0,0.0,0.0,3092.78350515464
6973,3092.78350515464,0.0,0.0,1773.48649484536,0.0,0.0,0.0,0.0,0.0,3092.78350515464
6974,3092.78350515464,0.0,0.0,630.39649484536,0.0,0.0,0.0,0.0,0.0,3092.78350515464
6975,286.5165,0.0,0.0,0.0,0.0,0.0,2722.078995,0.0,0.0,3008.595495
6976,0.0,0.0,0.0,0.0,0.0,0.0,3000.0,0.0,0.0,3000.0
6977,0.0,0.0,0.0,0.0,0.0,0.0,3000.0,0.0,0.0,3000.0
6978,0.0,0.0,0.0,0.0,0.0,0.0,3000.0,0.0,0.0,3000.0
6979,0.0,0.0,0.0,0.0,0.0,0.0,3000.0,0.0,0.0,3000.0
6980,0.0,0.0,0.0,0.0,0.0,0.0,3000.0,0.0,0.0,3000.0
6981,0.0,0.0,0.0,0.0,0.0,0.0,3000.0,0.0,0.0,3000.0
6982,0.0,0.0,0.0,0.0,0.0,0.0,3000.0,0.0,0.0,3000.0
6983,0.0,0.0,0.0,0.0,0.0,0.0,0.0,0.0,0.0,0.0
6984,0.0,0.0,0.0,0.0,0.0,0.0,0.0,0.0,0.0,0.0
6985,0.0,0.0,0.0,0.0,0.0,0.0,0.0,0.0,0.0,0.0
6986,0.0,0.0,0.0,0.0,0.0,0.0,0.0,0.0,0.0,0.0
6987,0.0,0.0,0.0,0.0,0.0,0.0,0.0,0.0,0.0,0.0
6988,0.0,0.0,0.0,0.0,0.0,0.0,0.0,0.0,0.0,0.0
6989,0.0,0.0,0.0,0.0,0.0,0.0,750.0,0.0,0.0,750.0
6990,0.0,0.0,0.0,0.0,0.0,0.0,3000.0,0.0,0.0,3000.0
6991,971.1825,0.0,0.0,0.0,0.0,0.0,2057.952975,0.0,0.0,3029.135475
6992,1808.985,0.0,0.0,0.0,0.0,0.0,1245.28455,0.0,0.0,3054.26955
6993,3092.78350515464,0.0,0.0,1516.17649484536,0.0,0.0,0.0,0.0,0.0,3092.78350515464
6994,3092.78350515464,0.0,0.0,2747.66149484536,0.0,0.0,0.0,0.0,0.0,3092.78350515464
6995,3092.78350515464,0.0,0.0,761.69149484536,0.0,0.0,0.0,0.0,0.0,3092.78350515464
6996,3092.78350515464,0.0,0.0,886.446494845361,0.0,0.0,0.0,0.0,0.0,3092.78350515464
6997,3092.78350515464,0.0,0.0,1710.84649484536,0.0,0.0,0.0,0.0,0.0,3092.78350515464
6998,3092.78350515464,0.0,0.0,1032.14149484536,0.0,0.0,0.0,0.0,0.0,3092.78350515464
6999,0.0,0.0,0.0,0.0,0.0,0.0,3000.0,0.0,0.0,3000.0
7000,0.0,0.0,0.0,0.0,0.0,0.0,3000.0,0.0,0.0,3000.0
7001,0.0,0.0,0.0,0.0,0.0,0.0,3000.0,0.0,0.0,3000.0
7002,0.0,0.0,0.0,0.0,0.0,0.0,3000.0,0.0,0.0,3000.0
7003,0.0,0.0,0.0,0.0,0.0,0.0,3000.0,0.0,0.0,3000.0
7004,0.0,0.0,0.0,0.0,0.0,0.0,3000.0,0.0,0.0,3000.0
7005,0.0,0.0,0.0,0.0,0.0,0.0,3000.0,0.0,0.0,3000.0
7006,0.0,0.0,0.0,0.0,0.0,0.0,3000.0,0.0,0.0,3000.0
7007,0.0,0.0,0.0,0.0,0.0,0.0,0.0,0.0,0.0,0.0
7008,0.0,0.0,0.0,0.0,0.0,0.0,0.0,0.0,0.0,0.0
7009,0.0,0.0,0.0,0.0,0.0,0.0,0.0,0.0,0.0,0.0
7010,0.0,0.0,0.0,0.0,0.0,0.0,0.0,0.0,0.0,0.0
7011,0.0,0.0,0.0,0.0,0.0,0.0,0.0,0.0,0.0,0.0
7012,0.0,0.0,0.0,0.0,0.0,0.0,0.0,0.0,0.0,0.0
7013,0.0,0.0,0.0,0.0,0.0,0.0,750.0,0.0,0.0,750.0
7014,0.0,0.0,0.0,0.0,0.0,0.0,3000.0,0.0,0.0,3000.0
7015,1519.155,0.0,0.0,0.0,0.0,0.0,1526.41965,0.0,0.0,3045.57465
7016,3092.78350515464,0.0,0.0,300.33649484536,0.0,0.0,0.0,0.0,0.0,3092.78350515464
7017,1307.754,0.0,0.0,0.0,0.0,0.0,1731.47862,0.0,0.0,3039.2326199999998
7018,2783.205,0.0,0.0,0.0,0.0,0.0,300.29115,0.0,0.0,3083.49615
7019,3092.78350515464,0.0,0.0,1208.31649484536,0.0,0.0,0.0,0.0,0.0,3092.78350515464
7020,3022.08,0.0,0.0,0.0,0.0,0.0,68.5824000000002,0.0,0.0,3090.6624
7021,3092.78350515464,0.0,0.0,1191.14149484536,0.0,0.0,0.0,0.0,0.0,3092.78350515464
7022,3092.78350515464,0.0,0.0,100.251494845361,0.0,0.0,0.0,0.0,0.0,3092.78350515464
7023,0.0,0.0,0.0,0.0,0.0,0.0,3000.0,0.0,0.0,3000.0
7024,0.0,0.0,0.0,0.0,0.0,0.0,3000.0,0.0,0.0,3000.0
7025,0.0,0.0,0.0,0.0,0.0,0.0,3000.0,0.0,0.0,3000.0
7026,0.0,0.0,0.0,0.0,0.0,0.0,3000.0,0.0,0.0,3000.0
7027,0.0,0.0,0.0,0.0,0.0,0.0,3000.0,0.0,0.0,3000.0
7028,0.0,0.0,0.0,0.0,0.0,0.0,3000.0,0.0,0.0,3000.0
7029,0.0,0.0,0.0,0.0,0.0,0.0,3000.0,0.0,0.0,3000.0
7030,0.0,0.0,0.0,0.0,0.0,0.0,3000.0,0.0,0.0,3000.0
7031,0.0,0.0,0.0,0.0,0.0,0.0,0.0,0.0,0.0,0.0
7032,0.0,0.0,0.0,0.0,0.0,0.0,0.0,0.0,0.0,0.0
7033,0.0,0.0,0.0,0.0,0.0,0.0,0.0,0.0,0.0,0.0
7034,0.0,0.0,0.0,0.0,0.0,0.0,0.0,0.0,0.0,0.0
7035,0.0,0.0,0.0,0.0,0.0,0.0,0.0,0.0,0.0,0.0
7036,0.0,0.0,0.0,0.0,0.0,0.0,0.0,0.0,0.0,0.0
7037,0.0,0.0,0.0,0.0,0.0,0.0,750.0,0.0,0.0,750.0
7038,0.0,0.0,0.0,0.0,0.0,0.0,3000.0,0.0,0.0,3000.0
7039,2076.84,0.0,0.0,0.0,0.0,0.0,985.4652,0.0,0.0,3062.3052000000002
7040,3092.78350515464,0.0,0.0,2305.91149484536,0.0,0.0,0.0,0.0,0.0,3092.78350515464
7041,1292.2395,0.0,0.0,0.0,0.0,0.0,1746.527685,0.0,0.0,3038.7671849999997
7042,1820.16,0.0,0.0,0.0,0.0,0.0,1234.4448,0.0,0.0,3054.6048
7043,1235.8335,0.0,0.0,0.0,0.0,0.0,1801.241505,0.0,0.0,3037.0750049999997
7044,464.661,0.0,0.0,0.0,0.0,0.0,2549.27883,0.0,0.0,3013.9398300000003
7045,346.4895,0.0,0.0,0.0,0.0,0.0,2663.905185,0.0,0.0,3010.394685
7046,117.069,0.0,0.0,0.0,0.0,0.0,2886.44307,0.0,0.0,3003.5120699999998
7047,0.0,0.0,0.0,0.0,0.0,0.0,3000.0,0.0,0.0,3000.0
7048,0.0,0.0,0.0,0.0,0.0,0.0,3000.0,0.0,0.0,3000.0
7049,0.0,0.0,0.0,0.0,0.0,0.0,3000.0,0.0,0.0,3000.0
7050,0.0,0.0,0.0,0.0,0.0,0.0,3000.0,0.0,0.0,3000.0
7051,0.0,0.0,0.0,0.0,0.0,0.0,3000.0,0.0,0.0,3000.0
7052,0.0,0.0,0.0,0.0,0.0,0.0,3000.0,0.0,0.0,3000.0
7053,0.0,0.0,0.0,0.0,0.0,0.0,3000.0,0.0,0.0,3000.0
7054,0.0,0.0,0.0,0.0,0.0,0.0,3000.0,0.0,0.0,3000.0
7055,0.0,0.0,0.0,0.0,0.0,0.0,0.0,0.0,0.0,0.0
7056,0.0,0.0,0.0,0.0,0.0,0.0,0.0,0.0,0.0,0.0
7057,0.0,0.0,0.0,0.0,0.0,0.0,0.0,0.0,0.0,0.0
7058,0.0,0.0,0.0,0.0,0.0,0.0,0.0,0.0,0.0,0.0
7059,0.0,0.0,0.0,0.0,0.0,0.0,0.0,0.0,0.0,0.0
7060,0.0,0.0,0.0,0.0,0.0,0.0,0.0,0.0,0.0,0.0
7061,0.0,0.0,0.0,0.0,0.0,0.0,750.0,0.0,0.0,750.0
7062,0.0,0.0,0.0,0.0,0.0,0.0,3000.0,0.0,0.0,3000.0
7063,2319.75,0.0,0.0,0.0,0.0,0.0,749.8425,0.0,0.0,3069.5924999999997
7064,3092.78350515464,0.0,0.0,2902.79149484536,0.0,0.0,0.0,0.0,0.0,3092.78350515464
7065,3092.78350515464,0.0,0.0,3630.29149484536,0.0,0.0,0.0,0.0,0.0,3092.78350515464
7066,3092.78350515464,0.0,0.0,2937.98149484536,0.0,0.0,0.0,0.0,0.0,3092.78350515464
7067,3092.78350515464,0.0,0.0,1331.70649484536,0.0,0.0,0.0,0.0,0.0,3092.78350515464
7068,3092.78350515464,0.0,0.0,597.53149484536,0.0,0.0,0.0,0.0,0.0,3092.78350515464
7069,3092.78350515464,0.0,0.0,1643.25649484536,0.0,0.0,0.0,0.0,0.0,3092.78350515464
7070,3092.78350515464,0.0,0.0,288.23149484536,0.0,0.0,0.0,0.0,0.0,3092.78350515464
7071,0.0,0.0,0.0,0.0,0.0,0.0,3000.0,0.0,0.0,3000.0
7072,0.0,0.0,0.0,0.0,0.0,0.0,3000.0,0.0,0.0,3000.0
7073,0.0,0.0,0.0,0.0,0.0,0.0,3000.0,0.0,0.0,3000.0
7074,0.0,0.0,0.0,0.0,0.0,0.0,3000.0,0.0,0.0,3000.0
7075,0.0,0.0,0.0,0.0,0.0,0.0,3000.0,0.0,0.0,3000.0
7076,0.0,0.0,0.0,0.0,0.0,0.0,3000.0,0.0,0.0,3000.0
7077,0.0,0.0,0.0,0.0,0.0,0.0,3000.0,0.0,0.0,3000.0
7078,0.0,0.0,0.0,0.0,0.0,0.0,3000.0,0.0,0.0,3000.0
7079,0.0,0.0,0.0,0.0,0.0,0.0,0.0,0.0,0.0,0.0
7080,0.0,0.0,0.0,0.0,0.0,0.0,0.0,0.0,0.0,0.0
7081,0.0,0.0,0.0,0.0,0.0,0.0,0.0,0.0,0.0,0.0
7082,0.0,0.0,0.0,0.0,0.0,0.0,0.0,0.0,0.0,0.0
7083,0.0,0.0,0.0,0.0,0.0,0.0,0.0,0.0,0.0,0.0
7084,0.0,0.0,0.0,0.0,0.0,0.0,0.0,0.0,0.0,0.0
7085,0.0,0.0,0.0,0.0,0.0,0.0,750.0,0.0,0.0,750.0
7086,0.0,0.0,0.0,0.0,0.0,0.0,3000.0,0.0,0.0,3000.0
7087,1710.39,0.0,0.0,0.0,0.0,0.0,1340.9217,0.0,0.0,3051.3117
7088,1808.97,0.0,0.0,0.0,0.0,0.0,1245.2991,0.0,0.0,3054.2691
7089,835.743,0.0,0.0,0.0,0.0,0.0,2189.32929,0.0,0.0,3025.07229
7090,3092.78350515464,0.0,0.0,1108.70149484536,0.0,0.0,0.0,0.0,0.0,3092.78350515464
7091,1157.4795,0.0,0.0,0.0,0.0,0.0,1877.244885,0.0,0.0,3034.724385
7092,749.511,0.0,0.0,0.0,0.0,0.0,2272.97433,0.0,0.0,3022.48533
7093,537.615,0.0,0.0,0.0,0.0,0.0,2478.51345,0.0,0.0,3016.12845
7094,399.525,0.0,0.0,0.0,0.0,0.0,2612.46075,0.0,0.0,3011.9857500000003
7095,0.0,0.0,0.0,0.0,0.0,0.0,3000.0,0.0,0.0,3000.0
7096,0.0,0.0,0.0,0.0,0.0,0.0,3000.0,0.0,0.0,3000.0
7097,0.0,0.0,0.0,0.0,0.0,0.0,3000.0,0.0,0.0,3000.0
7098,0.0,0.0,0.0,0.0,0.0,0.0,3000.0,0.0,0.0,3000.0
7099,0.0,0.0,0.0,0.0,0.0,0.0,3000.0,0.0,0.0,3000.0
7100,0.0,0.0,0.0,0.0,0.0,0.0,3000.0,0.0,0.0,3000.0
7101,0.0,0.0,0.0,0.0,0.0,0.0,3000.0,0.0,0.0,3000.0
7102,0.0,0.0,0.0,0.0,0.0,0.0,3000.0,0.0,0.0,3000.0
7103,0.0,0.0,0.0,0.0,0.0,0.0,0.0,0.0,0.0,0.0
7104,0.0,0.0,0.0,0.0,0.0,0.0,0.0,0.0,0.0,0.0
7105,0.0,0.0,0.0,0.0,0.0,0.0,0.0,0.0,0.0,0.0
7106,0.0,0.0,0.0,0.0,0.0,0.0,0.0,0.0,0.0,0.0
7107,0.0,0.0,0.0,0.0,0.0,0.0,0.0,0.0,0.0,0.0
7108,0.0,0.0,0.0,0.0,0.0,0.0,0.0,0.0,0.0,0.0
7109,0.0,0.0,0.0,0.0,0.0,0.0,750.0,0.0,0.0,750.0
7110,0.0,0.0,0.0,0.0,0.0,0.0,3000.0,0.0,0.0,3000.0
7111,2847.99,0.0,0.0,0.0,0.0,0.0,237.4497,0.0,0.0,3085.4397
7112,3092.78350515464,0.0,0.0,2757.63649484536,0.0,0.0,0.0,0.0,0.0,3092.78350515464
7113,3092.78350515464,0.0,0.0,3666.60649484536,0.0,0.0,0.0,0.0,0.0,3092.78350515464
7114,3092.78350515464,0.0,0.0,2873.31649484536,0.0,0.0,0.0,0.0,0.0,3092.78350515464
7115,3092.78350515464,0.0,0.0,1240.58149484536,0.0,0.0,0.0,0.0,0.0,3092.78350515464
7116,3092.78350515464,0.0,0.0,513.471494845361,0.0,0.0,0.0,0.0,0.0,3092.78350515464
7117,3092.78350515464,0.0,0.0,1415.24149484536,0.0,0.0,0.0,0.0,0.0,3092.78350515464
7118,3092.78350515464,0.0,0.0,305.64649484536,0.0,0.0,0.0,0.0,0.0,3092.78350515464
7119,0.0,0.0,0.0,0.0,0.0,0.0,3000.0,0.0,0.0,3000.0
7120,0.0,0.0,0.0,0.0,0.0,0.0,3000.0,0.0,0.0,3000.0
7121,0.0,0.0,0.0,0.0,0.0,0.0,3000.0,0.0,0.0,3000.0
7122,0.0,0.0,0.0,0.0,0.0,0.0,3000.0,0.0,0.0,3000.0
7123,0.0,0.0,0.0,0.0,0.0,0.0,3000.0,0.0,0.0,3000.0
7124,0.0,0.0,0.0,0.0,0.0,0.0,3000.0,0.0,0.0,3000.0
7125,0.0,0.0,0.0,0.0,0.0,0.0,3000.0,0.0,0.0,3000.0
7126,0.0,0.0,0.0,0.0,0.0,0.0,3000.0,0.0,0.0,3000.0
7127,0.0,0.0,0.0,0.0,0.0,0.0,0.0,0.0,0.0,0.0
7128,0.0,0.0,0.0,0.0,0.0,0.0,0.0,0.0,0.0,0.0
7129,0.0,0.0,0.0,0.0,0.0,0.0,0.0,0.0,0.0,0.0
7130,0.0,0.0,0.0,0.0,0.0,0.0,0.0,0.0,0.0,0.0
7131,0.0,0.0,0.0,0.0,0.0,0.0,0.0,0.0,0.0,0.0
7132,0.0,0.0,0.0,0.0,0.0,0.0,0.0,0.0,0.0,0.0
7133,0.0,0.0,0.0,0.0,0.0,0.0,750.0,0.0,0.0,750.0
7134,0.0,0.0,0.0,0.0,0.0,0.0,3000.0,0.0,0.0,3000.0
7135,64.63125,0.0,0.0,0.0,0.0,0.0,2937.3076875,0.0,0.0,3001.9389375
7136,3092.78350515464,0.0,0.0,1847.75149484536,0.0,0.0,0.0,0.0,0.0,3092.78350515464
7137,3092.78350515464,0.0,0.0,2713.14649484536,0.0,0.0,0.0,0.0,0.0,3092.78350515464
7138,3092.78350515464,0.0,0.0,2474.63149484536,0.0,0.0,0.0,0.0,0.0,3092.78350515464
7139,1592.835,0.0,0.0,0.0,0.0,0.0,1454.95005,0.0,0.0,3047.78505
7140,1449.5445,0.0,0.0,0.0,0.0,0.0,1593.941835,0.0,0.0,3043.486335
7141,537.4395,0.0,0.0,0.0,0.0,0.0,2478.683685,0.0,0.0,3016.123185
7142,276.258,0.0,0.0,0.0,0.0,0.0,2732.02974,0.0,0.0,3008.2877399999998
7143,0.0,0.0,0.0,0.0,0.0,0.0,3000.0,0.0,0.0,3000.0
7144,0.0,0.0,0.0,0.0,0.0,0.0,3000.0,0.0,0.0,3000.0
7145,0.0,0.0,0.0,0.0,0.0,0.0,3000.0,0.0,0.0,3000.0
7146,0.0,0.0,0.0,0.0,0.0,0.0,3000.0,0.0,0.0,3000.0
7147,0.0,0.0,0.0,0.0,0.0,0.0,3000.0,0.0,0.0,3000.0
7148,0.0,0.0,0.0,0.0,0.0,0.0,3000.0,0.0,0.0,3000.0
7149,0.0,0.0,0.0,0.0,0.0,0.0,3000.0,0.0,0.0,3000.0
7150,0.0,0.0,0.0,0.0,0.0,0.0,3000.0,0.0,0.0,3000.0
7151,0.0,0.0,0.0,0.0,0.0,0.0,0.0,0.0,0.0,0.0
7152,0.0,0.0,0.0,0.0,0.0,0.0,0.0,0.0,0.0,0.0
7153,0.0,0.0,0.0,0.0,0.0,0.0,0.0,0.0,0.0,0.0
7154,0.0,0.0,0.0,0.0,0.0,0.0,0.0,0.0,0.0,0.0
7155,0.0,0.0,0.0,0.0,0.0,0.0,0.0,0.0,0.0,0.0
7156,0.0,0.0,0.0,0.0,0.0,0.0,0.0,0.0,0.0,0.0
7157,0.0,0.0,0.0,0.0,0.0,0.0,750.0,0.0,0.0,750.0
7158,0.0,0.0,0.0,0.0,0.0,0.0,3000.0,0.0,0.0,3000.0
7159,2620.755,0.0,0.0,0.0,0.0,0.0,457.86765,0.0,0.0,3078.6226500000002
7160,3092.78350515464,0.0,0.0,2584.82149484536,0.0,0.0,0.0,0.0,0.0,3092.78350515464
7161,3092.78350515464,0.0,0.0,2426.75149484536,0.0,0.0,0.0,0.0,0.0,3092.78350515464
7162,3092.78350515464,0.0,0.0,1910.52649484536,0.0,0.0,0.0,0.0,0.0,3092.78350515464
7163,3092.78350515464,0.0,0.0,769.83649484536,0.0,0.0,0.0,0.0,0.0,3092.78350515464
7164,2115.66,0.0,0.0,0.0,0.0,0.0,947.8098,0.0,0.0,3063.4698
7165,2479.905,0.0,0.0,0.0,0.0,0.0,594.49215,0.0,0.0,3074.3971500000002
7166,1525.83,0.0,0.0,0.0,0.0,0.0,1519.9449,0.0,0.0,3045.7749
7167,0.0,0.0,0.0,0.0,0.0,0.0,3000.0,0.0,0.0,3000.0
7168,0.0,0.0,0.0,0.0,0.0,0.0,3000.0,0.0,0.0,3000.0
7169,0.0,0.0,0.0,0.0,0.0,0.0,3000.0,0.0,0.0,3000.0
7170,0.0,0.0,0.0,0.0,0.0,0.0,3000.0,0.0,0.0,3000.0
7171,0.0,0.0,0.0,0.0,0.0,0.0,3000.0,0.0,0.0,3000.0
7172,0.0,0.0,0.0,0.0,0.0,0.0,3000.0,0.0,0.0,3000.0
7173,0.0,0.0,0.0,0.0,0.0,0.0,3000.0,0.0,0.0,3000.0
7174,0.0,0.0,0.0,0.0,0.0,0.0,3000.0,0.0,0.0,3000.0
7175,0.0,0.0,0.0,0.0,0.0,0.0,0.0,0.0,0.0,0.0
7176,0.0,0.0,0.0,0.0,0.0,0.0,0.0,0.0,0.0,0.0
7177,0.0,0.0,0.0,0.0,0.0,0.0,0.0,0.0,0.0,0.0
7178,0.0,0.0,0.0,0.0,0.0,0.0,0.0,0.0,0.0,0.0
7179,0.0,0.0,0.0,0.0,0.0,0.0,0.0,0.0,0.0,0.0
7180,0.0,0.0,0.0,0.0,0.0,0.0,0.0,0.0,0.0,0.0
7181,0.0,0.0,0.0,0.0,0.0,0.0,750.0,0.0,0.0,750.0
7182,0.0,0.0,0.0,0.0,0.0,0.0,3000.0,0.0,0.0,3000.0
7183,169.164,0.0,0.0,0.0,0.0,0.0,2835.91092,0.0,0.0,3005.07492
7184,1465.3935,0.0,0.0,0.0,0.0,0.0,1578.568305,0.0,0.0,3043.961805
7185,1510.785,0.0,0.0,0.0,0.0,0.0,1534.53855,0.0,0.0,3045.32355
7186,1405.17,0.0,0.0,0.0,0.0,0.0,1636.9851,0.0,0.0,3042.1551
7187,1407.009,0.0,0.0,0.0,0.0,0.0,1635.20127,0.0,0.0,3042.21027
7188,1038.126,0.0,0.0,0.0,0.0,0.0,1993.01778,0.0,0.0,3031.14378
7189,1026.396,0.0,0.0,0.0,0.0,0.0,2004.39588,0.0,0.0,3030.7918799999998
7190,845.4045,0.0,0.0,0.0,0.0,0.0,2179.957635,0.0,0.0,3025.3621350000003
7191,0.0,0.0,0.0,0.0,0.0,0.0,3000.0,0.0,0.0,3000.0
7192,0.0,0.0,0.0,0.0,0.0,0.0,3000.0,0.0,0.0,3000.0
7193,0.0,0.0,0.0,0.0,0.0,0.0,3000.0,0.0,0.0,3000.0
7194,0.0,0.0,0.0,0.0,0.0,0.0,3000.0,0.0,0.0,3000.0
7195,0.0,0.0,0.0,0.0,0.0,0.0,3000.0,0.0,0.0,3000.0
7196,0.0,0.0,0.0,0.0,0.0,0.0,3000.0,0.0,0.0,3000.0
7197,0.0,0.0,0.0,0.0,0.0,0.0,3000.0,0.0,0.0,3000.0
7198,0.0,0.0,0.0,0.0,0.0,0.0,3000.0,0.0,0.0,3000.0
7199,0.0,0.0,0.0,0.0,0.0,0.0,0.0,0.0,0.0,0.0
7200,0.0,0.0,0.0,0.0,0.0,0.0,0.0,0.0,0.0,0.0
7201,0.0,0.0,0.0,0.0,0.0,0.0,0.0,0.0,0.0,0.0
7202,0.0,0.0,0.0,0.0,0.0,0.0,0.0,0.0,0.0,0.0
7203,0.0,0.0,0.0,0.0,0.0,0.0,0.0,0.0,0.0,0.0
7204,0.0,0.0,0.0,0.0,0.0,0.0,0.0,0.0,0.0,0.0
7205,0.0,0.0,0.0,0.0,0.0,0.0,750.0,0.0,0.0,750.0
7206,0.0,0.0,0.0,0.0,0.0,0.0,3000.0,0.0,0.0,3000.0
7207,283.278,0.0,0.0,0.0,0.0,0.0,2725.22034,0.0,0.0,3008.49834
7208,3092.78350515464,0.0,0.0,1868.73649484536,0.0,0.0,0.0,0.0,0.0,3092.78350515464
7209,3092.78350515464,0.0,0.0,2086.64149484536,0.0,0.0,0.0,0.0,0.0,3092.78350515464
7210,3092.78350515464,0.0,0.0,1726.20649484536,0.0,0.0,0.0,0.0,0.0,3092.78350515464
7211,3092.78350515464,0.0,0.0,401.826494845361,0.0,0.0,0.0,0.0,0.0,3092.78350515464
7212,1183.9395,0.0,0.0,0.0,0.0,0.0,1851.578685,0.0,0.0,3035.518185
7213,1331.8455,0.0,0.0,0.0,0.0,0.0,1708.109865,0.0,0.0,3039.955365
7214,205.266,0.0,0.0,0.0,0.0,0.0,2800.89198,0.0,0.0,3006.15798
7215,0.0,0.0,0.0,0.0,0.0,0.0,3000.0,0.0,0.0,3000.0
7216,0.0,0.0,0.0,0.0,0.0,0.0,3000.0,0.0,0.0,3000.0
7217,0.0,0.0,0.0,0.0,0.0,0.0,3000.0,0.0,0.0,3000.0
7218,0.0,0.0,0.0,0.0,0.0,0.0,3000.0,0.0,0.0,3000.0
7219,0.0,0.0,0.0,0.0,0.0,0.0,3000.0,0.0,0.0,3000.0
7220,0.0,0.0,0.0,0.0,0.0,0.0,3000.0,0.0,0.0,3000.0
7221,0.0,0.0,0.0,0.0,0.0,0.0,3000.0,0.0,0.0,3000.0
7222,0.0,0.0,0.0,0.0,0.0,0.0,3000.0,0.0,0.0,3000.0
7223,0.0,0.0,0.0,0.0,0.0,0.0,0.0,0.0,0.0,0.0
7224,0.0,0.0,0.0,0.0,0.0,0.0,0.0,0.0,0.0,0.0
7225,0.0,0.0,0.0,0.0,0.0,0.0,0.0,0.0,0.0,0.0
7226,0.0,0.0,0.0,0.0,0.0,0.0,0.0,0.0,0.0,0.0
7227,0.0,0.0,0.0,0.0,0.0,0.0,0.0,0.0,0.0,0.0
7228,0.0,0.0,0.0,0.0,0.0,0.0,0.0,0.0,0.0,0.0
7229,0.0,0.0,0.0,0.0,0.0,0.0,750.0,0.0,0.0,750.0
7230,0.0,0.0,0.0,0.0,0.0,0.0,3000.0,0.0,0.0,3000.0
7231,0.0,0.0,0.0,0.0,0.0,0.0,3000.0,0.0,0.0,3000.0
7232,2568.705,0.0,0.0,0.0,0.0,0.0,508.35615,0.0,0.0,3077.06115
7233,1238.1825,0.0,0.0,0.0,0.0,0.0,1798.962975,0.0,0.0,3037.145475
7234,953.694,0.0,0.0,0.0,0.0,0.0,2074.91682,0.0,0.0,3028.61082
7235,2088.33,0.0,0.0,0.0,0.0,0.0,974.3199,0.0,0.0,3062.6499
7236,499.4415,0.0,0.0,0.0,0.0,0.0,2515.541745,0.0,0.0,3014.983245
7237,489.987,0.0,0.0,0.0,0.0,0.0,2524.71261,0.0,0.0,3014.69961
7238,724.1625,0.0,0.0,0.0,0.0,0.0,2297.562375,0.0,0.0,3021.724875
7239,0.0,0.0,0.0,0.0,0.0,0.0,3000.0,0.0,0.0,3000.0
7240,0.0,0.0,0.0,0.0,0.0,0.0,3000.0,0.0,0.0,3000.0
7241,0.0,0.0,0.0,0.0,0.0,0.0,3000.0,0.0,0.0,3000.0
7242,0.0,0.0,0.0,0.0,0.0,0.0,3000.0,0.0,0.0,3000.0
7243,0.0,0.0,0.0,0.0,0.0,0.0,3000.0,0.0,0.0,3000.0
7244,0.0,0.0,0.0,0.0,0.0,0.0,3000.0,0.0,0.0,3000.0
7245,0.0,0.0,0.0,0.0,0.0,0.0,3000.0,0.0,0.0,3000.0
7246,0.0,0.0,0.0,0.0,0.0,0.0,3000.0,0.0,0.0,3000.0
7247,0.0,0.0,0.0,0.0,0.0,0.0,0.0,0.0,0.0,0.0
7248,0.0,0.0,0.0,0.0,0.0,0.0,0.0,0.0,0.0,0.0
7249,0.0,0.0,0.0,0.0,0.0,0.0,0.0,0.0,0.0,0.0
7250,0.0,0.0,0.0,0.0,0.0,0.0,0.0,0.0,0.0,0.0
7251,0.0,0.0,0.0,0.0,0.0,0.0,0.0,0.0,0.0,0.0
7252,0.0,0.0,0.0,0.0,0.0,0.0,0.0,0.0,0.0,0.0
7253,0.0,0.0,0.0,0.0,0.0,0.0,750.0,0.0,0.0,750.0
7254,0.0,0.0,0.0,0.0,0.0,0.0,3000.0,0.0,0.0,3000.0
7255,0.0,0.0,0.0,0.0,0.0,0.0,3000.0,0.0,0.0,3000.0
7256,101.50935,0.0,0.0,0.0,0.0,0.0,2901.5359305,0.0,0.0,3003.0452805
7257,338.5275,0.0,0.0,0.0,0.0,0.0,2671.628325,0.0,0.0,3010.1558250000003
7258,342.1695,0.0,0.0,0.0,0.0,0.0,2668.095585,0.0,0.0,3010.265085
7259,533.6265,0.0,0.0,0.0,0.0,0.0,2482.382295,0.0,0.0,3016.0087949999997
7260,478.446,0.0,0.0,0.0,0.0,0.0,2535.90738,0.0,0.0,3014.35338
7261,108.95085,0.0,0.0,0.0,0.0,0.0,2894.3176755,0.0,0.0,3003.2685255
7262,137.7057,0.0,0.0,0.0,0.0,0.0,2866.425471,0.0,0.0,3004.131171
7263,0.0,0.0,0.0,0.0,0.0,0.0,3000.0,0.0,0.0,3000.0
7264,0.0,0.0,0.0,0.0,0.0,0.0,3000.0,0.0,0.0,3000.0
7265,0.0,0.0,0.0,0.0,0.0,0.0,3000.0,0.0,0.0,3000.0
7266,0.0,0.0,0.0,0.0,0.0,0.0,3000.0,0.0,0.0,3000.0
7267,0.0,0.0,0.0,0.0,0.0,0.0,3000.0,0.0,0.0,3000.0
7268,0.0,0.0,0.0,0.0,0.0,0.0,3000.0,0.0,0.0,3000.0
7269,0.0,0.0,0.0,0.0,0.0,0.0,3000.0,0.0,0.0,3000.0
7270,0.0,0.0,0.0,0.0,0.0,0.0,3000.0,0.0,0.0,3000.0
7271,0.0,0.0,0.0,0.0,0.0,0.0,0.0,0.0,0.0,0.0
7272,0.0,0.0,0.0,0.0,0.0,0.0,0.0,0.0,0.0,0.0
7273,0.0,0.0,0.0,0.0,0.0,0.0,0.0,0.0,0.0,0.0
7274,0.0,0.0,0.0,0.0,0.0,0.0,0.0,0.0,0.0,0.0
7275,0.0,0.0,0.0,0.0,0.0,0.0,0.0,0.0,0.0,0.0
7276,0.0,0.0,0.0,0.0,0.0,0.0,0.0,0.0,0.0,0.0
7277,0.0,0.0,0.0,0.0,0.0,0.0,750.0,0.0,0.0,750.0
7278,0.0,0.0,0.0,0.0,0.0,0.0,3000.0,0.0,0.0,3000.0
7279,0.0,0.0,0.0,0.0,0.0,0.0,3000.0,0.0,0.0,3000.0
7280,140.87475,0.0,0.0,0.0,0.0,0.0,2863.3514925,0.0,0.0,3004.2262425
7281,323.691,0.0,0.0,0.0,0.0,0.0,2686.01973,0.0,0.0,3009.71073
7282,381.4065,0.0,0.0,0.0,0.0,0.0,2630.035695,0.0,0.0,3011.442195
7283,588.357,0.0,0.0,0.0,0.0,0.0,2429.29371,0.0,0.0,3017.65071
7284,649.4385,0.0,0.0,0.0,0.0,0.0,2370.044655,0.0,0.0,3019.483155
7285,1451.4105,0.0,0.0,0.0,0.0,0.0,1592.131815,0.0,0.0,3043.5423149999997
7286,47.1984,0.0,0.0,0.0,0.0,0.0,2954.217552,0.0,0.0,3001.4159520000003
7287,0.0,0.0,0.0,0.0,0.0,0.0,3000.0,0.0,0.0,3000.0
7288,0.0,0.0,0.0,0.0,0.0,0.0,3000.0,0.0,0.0,3000.0
7289,0.0,0.0,0.0,0.0,0.0,0.0,3000.0,0.0,0.0,3000.0
7290,0.0,0.0,0.0,0.0,0.0,0.0,3000.0,0.0,0.0,3000.0
7291,0.0,0.0,0.0,0.0,0.0,0.0,3000.0,0.0,0.0,3000.0
7292,0.0,0.0,0.0,0.0,0.0,0.0,3000.0,0.0,0.0,3000.0
7293,0.0,0.0,0.0,0.0,0.0,0.0,3000.0,0.0,0.0,3000.0
7294,0.0,0.0,0.0,0.0,0.0,0.0,3000.0,0.0,0.0,3000.0
7295,0.0,0.0,0.0,0.0,0.0,0.0,0.0,0.0,0.0,0.0
7296,0.0,0.0,0.0,0.0,0.0,0.0,0.0,0.0,0.0,0.0
7297,0.0,0.0,0.0,0.0,0.0,0.0,0.0,0.0,0.0,0.0
7298,0.0,0.0,0.0,0.0,0.0,0.0,0.0,0.0,0.0,0.0
7299,0.0,0.0,0.0,0.0,0.0,0.0,0.0,0.0,0.0,0.0
7300,0.0,0.0,0.0,0.0,0.0,0.0,0.0,0.0,0.0,0.0
7301,0.0,0.0,0.0,0.0,0.0,0.0,750.0,0.0,0.0,750.0
7302,0.0,0.0,0.0,0.0,0.0,0.0,3000.0,0.0,0.0,3000.0
7303,0.0,0.0,0.0,0.0,0.0,0.0,3000.0,0.0,0.0,3000.0
7304,3092.78350515464,0.0,0.0,399.71149484536,0.0,0.0,0.0,0.0,0.0,3092.78350515464
7305,710.1855,0.0,0.0,0.0,0.0,0.0,2311.120065,0.0,0.0,3021.305565
7306,1054.71,0.0,0.0,0.0,0.0,0.0,1976.9313,0.0,0.0,3031.6413000000002
7307,2025.06,0.0,0.0,0.0,0.0,0.0,1035.6918,0.0,0.0,3060.7518
7308,2764.26,0.0,0.0,0.0,0.0,0.0,318.6678,0.0,0.0,3082.9278000000004
7309,3092.78350515464,0.0,0.0,25.9714948453607,0.0,0.0,0.0,0.0,0.0,3092.78350515464
7310,539.2095,0.0,0.0,0.0,0.0,0.0,2476.966785,0.0,0.0,3016.176285
7311,0.0,0.0,0.0,0.0,0.0,0.0,3000.0,0.0,0.0,3000.0
7312,0.0,0.0,0.0,0.0,0.0,0.0,3000.0,0.0,0.0,3000.0
7313,0.0,0.0,0.0,0.0,0.0,0.0,3000.0,0.0,0.0,3000.0
7314,0.0,0.0,0.0,0.0,0.0,0.0,3000.0,0.0,0.0,3000.0
7315,0.0,0.0,0.0,0.0,0.0,0.0,3000.0,0.0,0.0,3000.0
7316,0.0,0.0,0.0,0.0,0.0,0.0,3000.0,0.0,0.0,3000.0
7317,0.0,0.0,0.0,0.0,0.0,0.0,3000.0,0.0,0.0,3000.0
7318,0.0,0.0,0.0,0.0,0.0,0.0,3000.0,0.0,0.0,3000.0
7319,0.0,0.0,0.0,0.0,0.0,0.0,0.0,0.0,0.0,0.0
7320,0.0,0.0,0.0,0.0,0.0,0.0,0.0,0.0,0.0,0.0
7321,0.0,0.0,0.0,0.0,0.0,0.0,0.0,0.0,0.0,0.0
7322,0.0,0.0,0.0,0.0,0.0,0.0,0.0,0.0,0.0,0.0
7323,0.0,0.0,0.0,0.0,0.0,0.0,0.0,0.0,0.0,0.0
7324,0.0,0.0,0.0,0.0,0.0,0.0,0.0,0.0,0.0,0.0
7325,0.0,0.0,0.0,0.0,0.0,0.0,750.0,0.0,0.0,750.0
7326,0.0,0.0,0.0,0.0,0.0,0.0,3000.0,0.0,0.0,3000.0
7327,0.0,0.0,0.0,0.0,0.0,0.0,3000.0,0.0,0.0,3000.0
7328,491.427,0.0,0.0,0.0,0.0,0.0,2523.31581,0.0,0.0,3014.74281
7329,1477.0965,0.0,0.0,0.0,0.0,0.0,1567.216395,0.0,0.0,3044.312895
7330,403.2585,0.0,0.0,0.0,0.0,0.0,2608.839255,0.0,0.0,3012.097755
7331,722.634,0.0,0.0,0.0,0.0,0.0,2299.04502,0.0,0.0,3021.67902
7332,1197.363,0.0,0.0,0.0,0.0,0.0,1838.55789,0.0,0.0,3035.9208900000003
7333,560.349,0.0,0.0,0.0,0.0,0.0,2456.46147,0.0,0.0,3016.8104700000004
7334,37.4499,0.0,0.0,0.0,0.0,0.0,2963.673597,0.0,0.0,3001.123497
7335,0.0,0.0,0.0,0.0,0.0,0.0,3000.0,0.0,0.0,3000.0
7336,0.0,0.0,0.0,0.0,0.0,0.0,3000.0,0.0,0.0,3000.0
7337,0.0,0.0,0.0,0.0,0.0,0.0,3000.0,0.0,0.0,3000.0
7338,0.0,0.0,0.0,0.0,0.0,0.0,3000.0,0.0,0.0,3000.0
7339,0.0,0.0,0.0,0.0,0.0,0.0,3000.0,0.0,0.0,3000.0
7340,0.0,0.0,0.0,0.0,0.0,0.0,3000.0,0.0,0.0,3000.0
7341,0.0,0.0,0.0,0.0,0.0,0.0,3000.0,0.0,0.0,3000.0
7342,0.0,0.0,0.0,0.0,0.0,0.0,3000.0,0.0,0.0,3000.0
7343,0.0,0.0,0.0,0.0,0.0,0.0,0.0,0.0,0.0,0.0
7344,0.0,0.0,0.0,0.0,0.0,0.0,0.0,0.0,0.0,0.0
7345,0.0,0.0,0.0,0.0,0.0,0.0,0.0,0.0,0.0,0.0
7346,0.0,0.0,0.0,0.0,0.0,0.0,0.0,0.0,0.0,0.0
7347,0.0,0.0,0.0,0.0,0.0,0.0,0.0,0.0,0.0,0.0
7348,0.0,0.0,0.0,0.0,0.0,0.0,0.0,0.0,0.0,0.0
7349,0.0,0.0,0.0,0.0,0.0,0.0,750.0,0.0,0.0,750.0
7350,0.0,0.0,0.0,0.0,0.0,0.0,3000.0,0.0,0.0,3000.0
7351,0.0,0.0,0.0,0.0,0.0,0.0,3000.0,0.0,0.0,3000.0
7352,3092.78350515464,0.0,0.0,1379.09149484536,0.0,0.0,0.0,0.0,0.0,3092.78350515464
7353,3092.78350515464,0.0,0.0,3425.24149484536,0.0,0.0,0.0,0.0,0.0,3092.78350515464
7354,3092.78350515464,0.0,0.0,2581.38649484536,0.0,0.0,0.0,0.0,0.0,3092.78350515464
7355,3092.78350515464,0.0,0.0,578.616494845361,0.0,0.0,0.0,0.0,0.0,3092.78350515464
7356,1634.625,0.0,0.0,0.0,0.0,0.0,1414.41375,0.0,0.0,3049.0387499999997
7357,3092.78350515464,0.0,0.0,24.8914948453603,0.0,0.0,0.0,0.0,0.0,3092.78350515464
7358,596.8635,0.0,0.0,0.0,0.0,0.0,2421.042405,0.0,0.0,3017.905905
7359,0.0,0.0,0.0,0.0,0.0,0.0,3000.0,0.0,0.0,3000.0
7360,0.0,0.0,0.0,0.0,0.0,0.0,3000.0,0.0,0.0,3000.0
7361,0.0,0.0,0.0,0.0,0.0,0.0,3000.0,0.0,0.0,3000.0
7362,0.0,0.0,0.0,0.0,0.0,0.0,3000.0,0.0,0.0,3000.0
7363,0.0,0.0,0.0,0.0,0.0,0.0,3000.0,0.0,0.0,3000.0
7364,0.0,0.0,0.0,0.0,0.0,0.0,3000.0,0.0,0.0,3000.0
7365,0.0,0.0,0.0,0.0,0.0,0.0,3000.0,0.0,0.0,3000.0
7366,0.0,0.0,0.0,0.0,0.0,0.0,3000.0,0.0,0.0,3000.0
7367,0.0,0.0,0.0,0.0,0.0,0.0,0.0,0.0,0.0,0.0
7368,0.0,0.0,0.0,0.0,0.0,0.0,0.0,0.0,0.0,0.0
7369,0.0,0.0,0.0,0.0,0.0,0.0,0.0,0.0,0.0,0.0
7370,0.0,0.0,0.0,0.0,0.0,0.0,0.0,0.0,0.0,0.0
7371,0.0,0.0,0.0,0.0,0.0,0.0,0.0,0.0,0.0,0.0
7372,0.0,0.0,0.0,0.0,0.0,0.0,0.0,0.0,0.0,0.0
7373,0.0,0.0,0.0,0.0,0.0,0.0,750.0,0.0,0.0,750.0
7374,0.0,0.0,0.0,0.0,0.0,0.0,3000.0,0.0,0.0,3000.0
7375,0.0,0.0,0.0,0.0,0.0,0.0,3000.0,0.0,0.0,3000.0
7376,2763.84,0.0,0.0,0.0,0.0,0.0,319.0752,0.0,0.0,3082.9152000000004
7377,1302.885,0.0,0.0,0.0,0.0,0.0,1736.20155,0.0,0.0,3039.08655
7378,474.1485,0.0,0.0,0.0,0.0,0.0,2540.075955,0.0,0.0,3014.2244549999996
7379,479.8485,0.0,0.0,0.0,0.0,0.0,2534.546955,0.0,0.0,3014.395455
7380,2115.45,0.0,0.0,0.0,0.0,0.0,948.0135,0.0,0.0,3063.4635
7381,1027.1505,0.0,0.0,0.0,0.0,0.0,2003.664015,0.0,0.0,3030.814515
7382,37.3656,0.0,0.0,0.0,0.0,0.0,2963.755368,0.0,0.0,3001.120968
7383,0.0,0.0,0.0,0.0,0.0,0.0,3000.0,0.0,0.0,3000.0
7384,0.0,0.0,0.0,0.0,0.0,0.0,3000.0,0.0,0.0,3000.0
7385,0.0,0.0,0.0,0.0,0.0,0.0,3000.0,0.0,0.0,3000.0
7386,0.0,0.0,0.0,0.0,0.0,0.0,3000.0,0.0,0.0,3000.0
7387,0.0,0.0,0.0,0.0,0.0,0.0,3000.0,0.0,0.0,3000.0
7388,0.0,0.0,0.0,0.0,0.0,0.0,3000.0,0.0,0.0,3000.0
7389,0.0,0.0,0.0,0.0,0.0,0.0,3000.0,0.0,0.0,3000.0
7390,0.0,0.0,0.0,0.0,0.0,0.0,3000.0,0.0,0.0,3000.0
7391,0.0,0.0,0.0,0.0,0.0,0.0,0.0,0.0,0.0,0.0
7392,0.0,0.0,0.0,0.0,0.0,0.0,0.0,0.0,0.0,0.0
7393,0.0,0.0,0.0,0.0,0.0,0.0,0.0,0.0,0.0,0.0
7394,0.0,0.0,0.0,0.0,0.0,0.0,0.0,0.0,0.0,0.0
7395,0.0,0.0,0.0,0.0,0.0,0.0,0.0,0.0,0.0,0.0
7396,0.0,0.0,0.0,0.0,0.0,0.0,0.0,0.0,0.0,0.0
7397,0.0,0.0,0.0,0.0,0.0,0.0,750.0,0.0,0.0,750.0
7398,0.0,0.0,0.0,0.0,0.0,0.0,3000.0,0.0,0.0,3000.0
7399,0.0,0.0,0.0,0.0,0.0,0.0,3000.0,0.0,0.0,3000.0
7400,0.0,0.0,0.0,0.0,0.0,0.0,3000.0,0.0,0.0,3000.0
7401,0.0,0.0,0.0,0.0,0.0,0.0,3000.0,0.0,0.0,3000.0
7402,3092.78350515464,0.0,0.0,2040.66649484536,0.0,0.0,0.0,0.0,0.0,3092.78350515464
7403,1863.9,0.0,0.0,0.0,0.0,0.0,1192.017,0.0,0.0,3055.9170000000004
7404,2776.725,0.0,0.0,0.0,0.0,0.0,306.57675,0.0,0.0,3083.30175
7405,3092.78350515464,0.0,0.0,486.801494845361,0.0,0.0,0.0,0.0,0.0,3092.78350515464
7406,76.8546,0.0,0.0,0.0,0.0,0.0,2925.451038,0.0,0.0,3002.3056380000003
7407,0.0,0.0,0.0,0.0,0.0,0.0,3000.0,0.0,0.0,3000.0
7408,0.0,0.0,0.0,0.0,0.0,0.0,3000.0,0.0,0.0,3000.0
7409,0.0,0.0,0.0,0.0,0.0,0.0,3000.0,0.0,0.0,3000.0
7410,0.0,0.0,0.0,0.0,0.0,0.0,3000.0,0.0,0.0,3000.0
7411,0.0,0.0,0.0,0.0,0.0,0.0,3000.0,0.0,0.0,3000.0
7412,0.0,0.0,0.0,0.0,0.0,0.0,3000.0,0.0,0.0,3000.0
7413,0.0,0.0,0.0,0.0,0.0,0.0,3000.0,0.0,0.0,3000.0
7414,0.0,0.0,0.0,0.0,0.0,0.0,3000.0,0.0,0.0,3000.0
7415,0.0,0.0,0.0,0.0,0.0,0.0,0.0,0.0,0.0,0.0
7416,0.0,0.0,0.0,0.0,0.0,0.0,0.0,0.0,0.0,0.0
7417,0.0,0.0,0.0,0.0,0.0,0.0,0.0,0.0,0.0,0.0
7418,0.0,0.0,0.0,0.0,0.0,0.0,0.0,0.0,0.0,0.0
7419,0.0,0.0,0.0,0.0,0.0,0.0,0.0,0.0,0.0,0.0
7420,0.0,0.0,0.0,0.0,0.0,0.0,0.0,0.0,0.0,0.0
7421,0.0,0.0,0.0,0.0,0.0,0.0,750.0,0.0,0.0,750.0
7422,0.0,0.0,0.0,0.0,0.0,0.0,3000.0,0.0,0.0,3000.0
7423,0.0,0.0,0.0,0.0,0.0,0.0,3000.0,0.0,0.0,3000.0
7424,2453.43,0.0,0.0,0.0,0.0,0.0,620.1729,0.0,0.0,3073.6029
7425,3092.78350515464,0.0,0.0,495.06649484536,0.0,0.0,0.0,0.0,0.0,3092.78350515464
7426,949.3815,0.0,0.0,0.0,0.0,0.0,2079.099945,0.0,0.0,3028.481445
7427,1099.149,0.0,0.0,0.0,0.0,0.0,1933.82547,0.0,0.0,3032.97447
7428,781.479,0.0,0.0,0.0,0.0,0.0,2241.96537,0.0,0.0,3023.44437
7429,330.789,0.0,0.0,0.0,0.0,0.0,2679.13467,0.0,0.0,3009.92367
7430,8.35941,0.0,0.0,0.0,0.0,0.0,2991.8913723,0.0,0.0,3000.2507823
7431,0.0,0.0,0.0,0.0,0.0,0.0,3000.0,0.0,0.0,3000.0
7432,0.0,0.0,0.0,0.0,0.0,0.0,3000.0,0.0,0.0,3000.0
7433,0.0,0.0,0.0,0.0,0.0,0.0,3000.0,0.0,0.0,3000.0
7434,0.0,0.0,0.0,0.0,0.0,0.0,3000.0,0.0,0.0,3000.0
7435,0.0,0.0,0.0,0.0,0.0,0.0,3000.0,0.0,0.0,3000.0
7436,0.0,0.0,0.0,0.0,0.0,0.0,3000.0,0.0,0.0,3000.0
7437,0.0,0.0,0.0,0.0,0.0,0.0,3000.0,0.0,0.0,3000.0
7438,0.0,0.0,0.0,0.0,0.0,0.0,3000.0,0.0,0.0,3000.0
7439,0.0,0.0,0.0,0.0,0.0,0.0,0.0,0.0,0.0,0.0
7440,0.0,0.0,0.0,0.0,0.0,0.0,0.0,0.0,0.0,0.0
7441,0.0,0.0,0.0,0.0,0.0,0.0,0.0,0.0,0.0,0.0
7442,0.0,0.0,0.0,0.0,0.0,0.0,0.0,0.0,0.0,0.0
7443,0.0,0.0,0.0,0.0,0.0,0.0,0.0,0.0,0.0,0.0
7444,0.0,0.0,0.0,0.0,0.0,0.0,0.0,0.0,0.0,0.0
7445,0.0,0.0,0.0,0.0,0.0,0.0,750.0,0.0,0.0,750.0
7446,0.0,0.0,0.0,0.0,0.0,0.0,3000.0,0.0,0.0,3000.0
7447,0.0,0.0,0.0,0.0,0.0,0.0,3000.0,0.0,0.0,3000.0
7448,3092.78350515464,0.0,0.0,204.621494845361,0.0,0.0,0.0,0.0,0.0,3092.78350515464
7449,3092.78350515464,0.0,0.0,1698.47149484536,0.0,0.0,0.0,0.0,0.0,3092.78350515464
7450,3092.78350515464,0.0,0.0,22.3564948453604,0.0,0.0,0.0,0.0,0.0,3092.78350515464
7451,2200.905,0.0,0.0,0.0,0.0,0.0,865.12215,0.0,0.0,3066.0271500000003
7452,1480.4685,0.0,0.0,0.0,0.0,0.0,1563.945555,0.0,0.0,3044.414055
7453,67.80705,0.0,0.0,0.0,0.0,0.0,2934.2271615,0.0,0.0,3002.0342115
7454,17.48745,0.0,0.0,0.0,0.0,0.0,2983.0371735,0.0,0.0,3000.5246235
7455,0.0,0.0,0.0,0.0,0.0,0.0,3000.0,0.0,0.0,3000.0
7456,0.0,0.0,0.0,0.0,0.0,0.0,3000.0,0.0,0.0,3000.0
7457,0.0,0.0,0.0,0.0,0.0,0.0,3000.0,0.0,0.0,3000.0
7458,0.0,0.0,0.0,0.0,0.0,0.0,3000.0,0.0,0.0,3000.0
7459,0.0,0.0,0.0,0.0,0.0,0.0,3000.0,0.0,0.0,3000.0
7460,0.0,0.0,0.0,0.0,0.0,0.0,3000.0,0.0,0.0,3000.0
7461,0.0,0.0,0.0,0.0,0.0,0.0,3000.0,0.0,0.0,3000.0
7462,0.0,0.0,0.0,0.0,0.0,0.0,3000.0,0.0,0.0,3000.0
7463,0.0,0.0,0.0,0.0,0.0,0.0,0.0,0.0,0.0,0.0
7464,0.0,0.0,0.0,0.0,0.0,0.0,0.0,0.0,0.0,0.0
7465,0.0,0.0,0.0,0.0,0.0,0.0,0.0,0.0,0.0,0.0
7466,0.0,0.0,0.0,0.0,0.0,0.0,0.0,0.0,0.0,0.0
7467,0.0,0.0,0.0,0.0,0.0,0.0,0.0,0.0,0.0,0.0
7468,0.0,0.0,0.0,0.0,0.0,0.0,0.0,0.0,0.0,0.0
7469,0.0,0.0,0.0,0.0,0.0,0.0,750.0,0.0,0.0,750.0
7470,0.0,0.0,0.0,0.0,0.0,0.0,3000.0,0.0,0.0,3000.0
7471,0.0,0.0,0.0,0.0,0.0,0.0,3000.0,0.0,0.0,3000.0
7472,1613.775,0.0,0.0,0.0,0.0,0.0,1434.63825,0.0,0.0,3048.41325
7473,989.9835,0.0,0.0,0.0,0.0,0.0,2039.716005,0.0,0.0,3029.699505
7474,646.3395,0.0,0.0,0.0,0.0,0.0,2373.050685,0.0,0.0,3019.390185
7475,831.852,0.0,0.0,0.0,0.0,0.0,2193.10356,0.0,0.0,3024.95556
7476,410.985,0.0,0.0,0.0,0.0,0.0,2601.34455,0.0,0.0,3012.32955
7477,119.29125,0.0,0.0,0.0,0.0,0.0,2884.2874875,0.0,0.0,3003.5787375000004
7478,0.0,0.0,0.0,0.0,0.0,0.0,3000.0,0.0,0.0,3000.0
7479,0.0,0.0,0.0,0.0,0.0,0.0,3000.0,0.0,0.0,3000.0
7480,0.0,0.0,0.0,0.0,0.0,0.0,3000.0,0.0,0.0,3000.0
7481,0.0,0.0,0.0,0.0,0.0,0.0,3000.0,0.0,0.0,3000.0
7482,0.0,0.0,0.0,0.0,0.0,0.0,3000.0,0.0,0.0,3000.0
7483,0.0,0.0,0.0,0.0,0.0,0.0,3000.0,0.0,0.0,3000.0
7484,0.0,0.0,0.0,0.0,0.0,0.0,3000.0,0.0,0.0,3000.0
7485,0.0,0.0,0.0,0.0,0.0,0.0,3000.0,0.0,0.0,3000.0
7486,0.0,0.0,0.0,0.0,0.0,0.0,3000.0,0.0,0.0,3000.0
7487,0.0,0.0,0.0,0.0,0.0,0.0,0.0,0.0,0.0,0.0
7488,0.0,0.0,0.0,0.0,0.0,0.0,0.0,0.0,0.0,0.0
7489,0.0,0.0,0.0,0.0,0.0,0.0,0.0,0.0,0.0,0.0
7490,0.0,0.0,0.0,0.0,0.0,0.0,0.0,0.0,0.0,0.0
7491,0.0,0.0,0.0,0.0,0.0,0.0,0.0,0.0,0.0,0.0
7492,0.0,0.0,0.0,0.0,0.0,0.0,0.0,0.0,0.0,0.0
7493,0.0,0.0,0.0,0.0,0.0,0.0,750.0,0.0,0.0,750.0
7494,0.0,0.0,0.0,0.0,0.0,0.0,3000.0,0.0,0.0,3000.0
7495,0.0,0.0,0.0,0.0,0.0,0.0,3000.0,0.0,0.0,3000.0
7496,2073.27,0.0,0.0,0.0,0.0,0.0,988.9281,0.0,0.0,3062.1981
7497,997.3155,0.0,0.0,0.0,0.0,0.0,2032.603965,0.0,0.0,3029.919465
7498,1077.4065,0.0,0.0,0.0,0.0,0.0,1954.915695,0.0,0.0,3032.3221949999997
7499,426.174,0.0,0.0,0.0,0.0,0.0,2586.61122,0.0,0.0,3012.7852199999998
7500,740.8215,0.0,0.0,0.0,0.0,0.0,2281.403145,0.0,0.0,3022.2246450000002
7501,937.7565,0.0,0.0,0.0,0.0,0.0,2090.376195,0.0,0.0,3028.132695
7502,288.6195,0.0,0.0,0.0,0.0,0.0,2720.039085,0.0,0.0,3008.658585
7503,0.0,0.0,0.0,0.0,0.0,0.0,3000.0,0.0,0.0,3000.0
7504,0.0,0.0,0.0,0.0,0.0,0.0,3000.0,0.0,0.0,3000.0
7505,0.0,0.0,0.0,0.0,0.0,0.0,3000.0,0.0,0.0,3000.0
7506,0.0,0.0,0.0,0.0,0.0,0.0,3000.0,0.0,0.0,3000.0
7507,0.0,0.0,0.0,0.0,0.0,0.0,3000.0,0.0,0.0,3000.0
7508,0.0,0.0,0.0,0.0,0.0,0.0,3000.0,0.0,0.0,3000.0
7509,0.0,0.0,0.0,0.0,0.0,0.0,3000.0,0.0,0.0,3000.0
7510,0.0,0.0,0.0,0.0,0.0,0.0,3000.0,0.0,0.0,3000.0
7511,0.0,0.0,0.0,0.0,0.0,0.0,0.0,0.0,0.0,0.0
7512,0.0,0.0,0.0,0.0,0.0,0.0,0.0,0.0,0.0,0.0
7513,0.0,0.0,0.0,0.0,0.0,0.0,0.0,0.0,0.0,0.0
7514,0.0,0.0,0.0,0.0,0.0,0.0,0.0,0.0,0.0,0.0
7515,0.0,0.0,0.0,0.0,0.0,0.0,0.0,0.0,0.0,0.0
7516,0.0,0.0,0.0,0.0,0.0,0.0,0.0,0.0,0.0,0.0
7517,0.0,0.0,0.0,0.0,0.0,0.0,750.0,0.0,0.0,750.0
7518,0.0,0.0,0.0,0.0,0.0,0.0,3000.0,0.0,0.0,3000.0
7519,0.0,0.0,0.0,0.0,0.0,0.0,3000.0,0.0,0.0,3000.0
7520,2844.975,0.0,0.0,0.0,0.0,0.0,240.37425,0.0,0.0,3085.3492499999998
7521,3092.78350515464,0.0,0.0,2769.98149484536,0.0,0.0,0.0,0.0,0.0,3092.78350515464
7522,3092.78350515464,0.0,0.0,1836.81649484536,0.0,0.0,0.0,0.0,0.0,3092.78350515464
7523,3063.345,0.0,0.0,0.0,0.0,0.0,28.5553500000001,0.0,0.0,3091.90035
7524,2612.085,0.0,0.0,0.0,0.0,0.0,466.27755,0.0,0.0,3078.36255
7525,2314.05,0.0,0.0,0.0,0.0,0.0,755.3715,0.0,0.0,3069.4215000000004
7526,0.0,0.0,0.0,0.0,0.0,0.0,3000.0,0.0,0.0,3000.0
7527,0.0,0.0,0.0,0.0,0.0,0.0,3000.0,0.0,0.0,3000.0
7528,0.0,0.0,0.0,0.0,0.0,0.0,3000.0,0.0,0.0,3000.0
7529,0.0,0.0,0.0,0.0,0.0,0.0,3000.0,0.0,0.0,3000.0
7530,0.0,0.0,0.0,0.0,0.0,0.0,3000.0,0.0,0.0,3000.0
7531,0.0,0.0,0.0,0.0,0.0,0.0,3000.0,0.0,0.0,3000.0
7532,0.0,0.0,0.0,0.0,0.0,0.0,3000.0,0.0,0.0,3000.0
7533,0.0,0.0,0.0,0.0,0.0,0.0,3000.0,0.0,0.0,3000.0
7534,0.0,0.0,0.0,0.0,0.0,0.0,3000.0,0.0,0.0,3000.0
7535,0.0,0.0,0.0,0.0,0.0,0.0,0.0,0.0,0.0,0.0
7536,0.0,0.0,0.0,0.0,0.0,0.0,0.0,0.0,0.0,0.0
7537,0.0,0.0,0.0,0.0,0.0,0.0,0.0,0.0,0.0,0.0
7538,0.0,0.0,0.0,0.0,0.0,0.0,0.0,0.0,0.0,0.0
7539,0.0,0.0,0.0,0.0,0.0,0.0,0.0,0.0,0.0,0.0
7540,0.0,0.0,0.0,0.0,0.0,0.0,0.0,0.0,0.0,0.0
7541,0.0,0.0,0.0,0.0,0.0,0.0,750.0,0.0,0.0,750.0
7542,0.0,0.0,0.0,0.0,0.0,0.0,3000.0,0.0,0.0,3000.0
7543,0.0,0.0,0.0,0.0,0.0,0.0,3000.0,0.0,0.0,3000.0
7544,560.034,0.0,0.0,0.0,0.0,0.0,2456.76702,0.0,0.0,3016.80102
7545,713.916,0.0,0.0,0.0,0.0,0.0,2307.50148,0.0,0.0,3021.41748
7546,341.043,0.0,0.0,0.0,0.0,0.0,2669.18829,0.0,0.0,3010.23129
7547,1519.065,0.0,0.0,0.0,0.0,0.0,1526.50695,0.0,0.0,3045.57195
7548,288.5295,0.0,0.0,0.0,0.0,0.0,2720.126385,0.0,0.0,3008.655885
7549,475.977,0.0,0.0,0.0,0.0,0.0,2538.30231,0.0,0.0,3014.27931
7550,0.0,0.0,0.0,0.0,0.0,0.0,3000.0,0.0,0.0,3000.0
7551,0.0,0.0,0.0,0.0,0.0,0.0,3000.0,0.0,0.0,3000.0
7552,0.0,0.0,0.0,0.0,0.0,0.0,3000.0,0.0,0.0,3000.0
7553,0.0,0.0,0.0,0.0,0.0,0.0,3000.0,0.0,0.0,3000.0
7554,0.0,0.0,0.0,0.0,0.0,0.0,3000.0,0.0,0.0,3000.0
7555,0.0,0.0,0.0,0.0,0.0,0.0,3000.0,0.0,0.0,3000.0
7556,0.0,0.0,0.0,0.0,0.0,0.0,3000.0,0.0,0.0,3000.0
7557,0.0,0.0,0.0,0.0,0.0,0.0,3000.0,0.0,0.0,3000.0
7558,0.0,0.0,0.0,0.0,0.0,0.0,3000.0,0.0,0.0,3000.0
7559,0.0,0.0,0.0,0.0,0.0,0.0,0.0,0.0,0.0,0.0
7560,0.0,0.0,0.0,0.0,0.0,0.0,0.0,0.0,0.0,0.0
7561,0.0,0.0,0.0,0.0,0.0,0.0,0.0,0.0,0.0,0.0
7562,0.0,0.0,0.0,0.0,0.0,0.0,0.0,0.0,0.0,0.0
7563,0.0,0.0,0.0,0.0,0.0,0.0,0.0,0.0,0.0,0.0
7564,0.0,0.0,0.0,0.0,0.0,0.0,0.0,0.0,0.0,0.0
7565,0.0,0.0,0.0,0.0,0.0,0.0,750.0,0.0,0.0,750.0
7566,0.0,0.0,0.0,0.0,0.0,0.0,3000.0,0.0,0.0,3000.0
7567,0.0,0.0,0.0,0.0,0.0,0.0,3000.0,0.0,0.0,3000.0
7568,2684.91,0.0,0.0,0.0,0.0,0.0,395.6373,0.0,0.0,3080.5472999999997
7569,3092.78350515464,0.0,0.0,2496.72649484536,0.0,0.0,0.0,0.0,0.0,3092.78350515464
7570,3092.78350515464,0.0,0.0,1550.21149484536,0.0,0.0,0.0,0.0,0.0,3092.78350515464
7571,2990.685,0.0,0.0,0.0,0.0,0.0,99.0355500000001,0.0,0.0,3089.72055
7572,2491.38,0.0,0.0,0.0,0.0,0.0,583.3614,0.0,0.0,3074.7414
7573,3037.02,0.0,0.0,0.0,0.0,0.0,54.0906,0.0,0.0,3091.1106
7574,0.0,0.0,0.0,0.0,0.0,0.0,3000.0,0.0,0.0,3000.0
7575,0.0,0.0,0.0,0.0,0.0,0.0,3000.0,0.0,0.0,3000.0
7576,0.0,0.0,0.0,0.0,0.0,0.0,3000.0,0.0,0.0,3000.0
7577,0.0,0.0,0.0,0.0,0.0,0.0,3000.0,0.0,0.0,3000.0
7578,0.0,0.0,0.0,0.0,0.0,0.0,3000.0,0.0,0.0,3000.0
7579,0.0,0.0,0.0,0.0,0.0,0.0,3000.0,0.0,0.0,3000.0
7580,0.0,0.0,0.0,0.0,0.0,0.0,3000.0,0.0,0.0,3000.0
7581,0.0,0.0,0.0,0.0,0.0,0.0,3000.0,0.0,0.0,3000.0
7582,0.0,0.0,0.0,0.0,0.0,0.0,3000.0,0.0,0.0,3000.0
7583,0.0,0.0,0.0,0.0,0.0,0.0,0.0,0.0,0.0,0.0
7584,0.0,0.0,0.0,0.0,0.0,0.0,0.0,0.0,0.0,0.0
7585,0.0,0.0,0.0,0.0,0.0,0.0,0.0,0.0,0.0,0.0
7586,0.0,0.0,0.0,0.0,0.0,0.0,0.0,0.0,0.0,0.0
7587,0.0,0.0,0.0,0.0,0.0,0.0,0.0,0.0,0.0,0.0
7588,0.0,0.0,0.0,0.0,0.0,0.0,0.0,0.0,0.0,0.0
7589,0.0,0.0,0.0,0.0,0.0,0.0,750.0,0.0,0.0,750.0
7590,0.0,0.0,0.0,0.0,0.0,0.0,3000.0,0.0,0.0,3000.0
7591,0.0,0.0,0.0,0.0,0.0,0.0,3000.0,0.0,0.0,3000.0
7592,1973.205,0.0,0.0,0.0,0.0,0.0,1085.99115,0.0,0.0,3059.1961499999998
7593,834.3795,0.0,0.0,0.0,0.0,0.0,2190.651885,0.0,0.0,3025.0313850000002
7594,670.011,0.0,0.0,0.0,0.0,0.0,2350.08933,0.0,0.0,3020.1003299999998
7595,776.1885,0.0,0.0,0.0,0.0,0.0,2247.097155,0.0,0.0,3023.2856549999997
7596,1307.4855,0.0,0.0,0.0,0.0,0.0,1731.739065,0.0,0.0,3039.224565
7597,38.1543,0.0,0.0,0.0,0.0,0.0,2962.990329,0.0,0.0,3001.1446290000004
7598,0.0,0.0,0.0,0.0,0.0,0.0,3000.0,0.0,0.0,3000.0
7599,0.0,0.0,0.0,0.0,0.0,0.0,3000.0,0.0,0.0,3000.0
7600,0.0,0.0,0.0,0.0,0.0,0.0,3000.0,0.0,0.0,3000.0
7601,0.0,0.0,0.0,0.0,0.0,0.0,3000.0,0.0,0.0,3000.0
7602,0.0,0.0,0.0,0.0,0.0,0.0,3000.0,0.0,0.0,3000.0
7603,0.0,0.0,0.0,0.0,0.0,0.0,3000.0,0.0,0.0,3000.0
7604,0.0,0.0,0.0,0.0,0.0,0.0,3000.0,0.0,0.0,3000.0
7605,0.0,0.0,0.0,0.0,0.0,0.0,3000.0,0.0,0.0,3000.0
7606,0.0,0.0,0.0,0.0,0.0,0.0,3000.0,0.0,0.0,3000.0
7607,0.0,0.0,0.0,0.0,0.0,0.0,0.0,0.0,0.0,0.0
7608,0.0,0.0,0.0,0.0,0.0,0.0,0.0,0.0,0.0,0.0
7609,0.0,0.0,0.0,0.0,0.0,0.0,0.0,0.0,0.0,0.0
7610,0.0,0.0,0.0,0.0,0.0,0.0,0.0,0.0,0.0,0.0
7611,0.0,0.0,0.0,0.0,0.0,0.0,0.0,0.0,0.0,0.0
7612,0.0,0.0,0.0,0.0,0.0,0.0,0.0,0.0,0.0,0.0
7613,0.0,0.0,0.0,0.0,0.0,0.0,750.0,0.0,0.0,750.0
7614,0.0,0.0,0.0,0.0,0.0,0.0,3000.0,0.0,0.0,3000.0
7615,0.0,0.0,0.0,0.0,0.0,0.0,3000.0,0.0,0.0,3000.0
7616,784.2525,0.0,0.0,0.0,0.0,0.0,2239.275075,0.0,0.0,3023.527575
7617,541.4415,0.0,0.0,0.0,0.0,0.0,2474.801745,0.0,0.0,3016.243245
7618,597.8235,0.0,0.0,0.0,0.0,0.0,2420.111205,0.0,0.0,3017.934705
7619,1781.235,0.0,0.0,0.0,0.0,0.0,1272.20205,0.0,0.0,3053.43705
7620,831.918,0.0,0.0,0.0,0.0,0.0,2193.03954,0.0,0.0,3024.9575400000003
7621,351.1635,0.0,0.0,0.0,0.0,0.0,2659.371405,0.0,0.0,3010.534905
7622,0.0,0.0,0.0,0.0,0.0,0.0,3000.0,0.0,0.0,3000.0
7623,0.0,0.0,0.0,0.0,0.0,0.0,3000.0,0.0,0.0,3000.0
7624,0.0,0.0,0.0,0.0,0.0,0.0,3000.0,0.0,0.0,3000.0
7625,0.0,0.0,0.0,0.0,0.0,0.0,3000.0,0.0,0.0,3000.0
7626,0.0,0.0,0.0,0.0,0.0,0.0,3000.0,0.0,0.0,3000.0
7627,0.0,0.0,0.0,0.0,0.0,0.0,3000.0,0.0,0.0,3000.0
7628,0.0,0.0,0.0,0.0,0.0,0.0,3000.0,0.0,0.0,3000.0
7629,0.0,0.0,0.0,0.0,0.0,0.0,3000.0,0.0,0.0,3000.0
7630,0.0,0.0,0.0,0.0,0.0,0.0,3000.0,0.0,0.0,3000.0
7631,0.0,0.0,0.0,0.0,0.0,0.0,0.0,0.0,0.0,0.0
7632,0.0,0.0,0.0,0.0,0.0,0.0,0.0,0.0,0.0,0.0
7633,0.0,0.0,0.0,0.0,0.0,0.0,0.0,0.0,0.0,0.0
7634,0.0,0.0,0.0,0.0,0.0,0.0,0.0,0.0,0.0,0.0
7635,0.0,0.0,0.0,0.0,0.0,0.0,0.0,0.0,0.0,0.0
7636,0.0,0.0,0.0,0.0,0.0,0.0,0.0,0.0,0.0,0.0
7637,0.0,0.0,0.0,0.0,0.0,0.0,750.0,0.0,0.0,750.0
7638,0.0,0.0,0.0,0.0,0.0,0.0,3000.0,0.0,0.0,3000.0
7639,0.0,0.0,0.0,0.0,0.0,0.0,3000.0,0.0,0.0,3000.0
7640,974.094,0.0,0.0,0.0,0.0,0.0,2055.12882,0.0,0.0,3029.22282
7641,2755.275,0.0,0.0,0.0,0.0,0.0,327.38325,0.0,0.0,3082.65825
7642,1896.765,0.0,0.0,0.0,0.0,0.0,1160.13795,0.0,0.0,3056.90295
7643,2434.095,0.0,0.0,0.0,0.0,0.0,638.92785,0.0,0.0,3073.02285
7644,1329.8265,0.0,0.0,0.0,0.0,0.0,1710.068295,0.0,0.0,3039.894795
7645,1606.11,0.0,0.0,0.0,0.0,0.0,1442.0733,0.0,0.0,3048.1832999999997
7646,0.0,0.0,0.0,0.0,0.0,0.0,3000.0,0.0,0.0,3000.0
7647,0.0,0.0,0.0,0.0,0.0,0.0,3000.0,0.0,0.0,3000.0
7648,0.0,0.0,0.0,0.0,0.0,0.0,3000.0,0.0,0.0,3000.0
7649,0.0,0.0,0.0,0.0,0.0,0.0,3000.0,0.0,0.0,3000.0
7650,0.0,0.0,0.0,0.0,0.0,0.0,3000.0,0.0,0.0,3000.0
7651,0.0,0.0,0.0,0.0,0.0,0.0,3000.0,0.0,0.0,3000.0
7652,0.0,0.0,0.0,0.0,0.0,0.0,3000.0,0.0,0.0,3000.0
7653,0.0,0.0,0.0,0.0,0.0,0.0,3000.0,0.0,0.0,3000.0
7654,0.0,0.0,0.0,0.0,0.0,0.0,3000.0,0.0,0.0,3000.0
7655,0.0,0.0,0.0,0.0,0.0,0.0,0.0,0.0,0.0,0.0
7656,0.0,0.0,0.0,0.0,0.0,0.0,0.0,0.0,0.0,0.0
7657,0.0,0.0,0.0,0.0,0.0,0.0,0.0,0.0,0.0,0.0
7658,0.0,0.0,0.0,0.0,0.0,0.0,0.0,0.0,0.0,0.0
7659,0.0,0.0,0.0,0.0,0.0,0.0,0.0,0.0,0.0,0.0
7660,0.0,0.0,0.0,0.0,0.0,0.0,0.0,0.0,0.0,0.0
7661,0.0,0.0,0.0,0.0,0.0,0.0,750.0,0.0,0.0,750.0
7662,0.0,0.0,0.0,0.0,0.0,0.0,3000.0,0.0,0.0,3000.0
7663,0.0,0.0,0.0,0.0,0.0,0.0,3000.0,0.0,0.0,3000.0
7664,2171.34,0.0,0.0,0.0,0.0,0.0,893.8002,0.0,0.0,3065.1402000000003
7665,3092.78350515464,0.0,0.0,1578.15649484536,0.0,0.0,0.0,0.0,0.0,3092.78350515464
7666,3092.78350515464,0.0,0.0,1034.55649484536,0.0,0.0,0.0,0.0,0.0,3092.78350515464
7667,2612.55,0.0,0.0,0.0,0.0,0.0,465.8265,0.0,0.0,3078.3765000000003
7668,2060.34,0.0,0.0,0.0,0.0,0.0,1001.4702,0.0,0.0,3061.8102
7669,2458.125,0.0,0.0,0.0,0.0,0.0,615.61875,0.0,0.0,3073.74375
7670,0.0,0.0,0.0,0.0,0.0,0.0,3000.0,0.0,0.0,3000.0
7671,0.0,0.0,0.0,0.0,0.0,0.0,3000.0,0.0,0.0,3000.0
7672,0.0,0.0,0.0,0.0,0.0,0.0,3000.0,0.0,0.0,3000.0
7673,0.0,0.0,0.0,0.0,0.0,0.0,3000.0,0.0,0.0,3000.0
7674,0.0,0.0,0.0,0.0,0.0,0.0,3000.0,0.0,0.0,3000.0
7675,0.0,0.0,0.0,0.0,0.0,0.0,3000.0,0.0,0.0,3000.0
7676,0.0,0.0,0.0,0.0,0.0,0.0,3000.0,0.0,0.0,3000.0
7677,0.0,0.0,0.0,0.0,0.0,0.0,3000.0,0.0,0.0,3000.0
7678,0.0,0.0,0.0,0.0,0.0,0.0,3000.0,0.0,0.0,3000.0
7679,0.0,0.0,0.0,0.0,0.0,0.0,0.0,0.0,0.0,0.0
7680,0.0,0.0,0.0,0.0,0.0,0.0,0.0,0.0,0.0,0.0
7681,0.0,0.0,0.0,0.0,0.0,0.0,0.0,0.0,0.0,0.0
7682,0.0,0.0,0.0,0.0,0.0,0.0,0.0,0.0,0.0,0.0
7683,0.0,0.0,0.0,0.0,0.0,0.0,0.0,0.0,0.0,0.0
7684,0.0,0.0,0.0,0.0,0.0,0.0,0.0,0.0,0.0,0.0
7685,0.0,0.0,0.0,0.0,0.0,0.0,750.0,0.0,0.0,750.0
7686,0.0,0.0,0.0,0.0,0.0,0.0,3000.0,0.0,0.0,3000.0
7687,0.0,0.0,0.0,0.0,0.0,0.0,3000.0,0.0,0.0,3000.0
7688,1595.925,0.0,0.0,0.0,0.0,0.0,1451.95275,0.0,0.0,3047.8777499999997
7689,59.41605,0.0,0.0,0.0,0.0,0.0,2942.3664315,0.0,0.0,3001.7824815
7690,1802.385,0.0,0.0,0.0,0.0,0.0,1251.68655,0.0,0.0,3054.0715499999997
7691,964.4235,0.0,0.0,0.0,0.0,0.0,2064.509205,0.0,0.0,3028.9327049999997
7692,1453.608,0.0,0.0,0.0,0.0,0.0,1590.00024,0.0,0.0,3043.60824
7693,158.913,0.0,0.0,0.0,0.0,0.0,2845.85439,0.0,0.0,3004.76739
7694,0.0,0.0,0.0,0.0,0.0,0.0,3000.0,0.0,0.0,3000.0
7695,0.0,0.0,0.0,0.0,0.0,0.0,3000.0,0.0,0.0,3000.0
7696,0.0,0.0,0.0,0.0,0.0,0.0,3000.0,0.0,0.0,3000.0
7697,0.0,0.0,0.0,0.0,0.0,0.0,3000.0,0.0,0.0,3000.0
7698,0.0,0.0,0.0,0.0,0.0,0.0,3000.0,0.0,0.0,3000.0
7699,0.0,0.0,0.0,0.0,0.0,0.0,3000.0,0.0,0.0,3000.0
7700,0.0,0.0,0.0,0.0,0.0,0.0,3000.0,0.0,0.0,3000.0
7701,0.0,0.0,0.0,0.0,0.0,0.0,3000.0,0.0,0.0,3000.0
7702,0.0,0.0,0.0,0.0,0.0,0.0,3000.0,0.0,0.0,3000.0
7703,0.0,0.0,0.0,0.0,0.0,0.0,0.0,0.0,0.0,0.0
7704,0.0,0.0,0.0,0.0,0.0,0.0,0.0,0.0,0.0,0.0
7705,0.0,0.0,0.0,0.0,0.0,0.0,0.0,0.0,0.0,0.0
7706,0.0,0.0,0.0,0.0,0.0,0.0,0.0,0.0,0.0,0.0
7707,0.0,0.0,0.0,0.0,0.0,0.0,0.0,0.0,0.0,0.0
7708,0.0,0.0,0.0,0.0,0.0,0.0,0.0,0.0,0.0,0.0
7709,0.0,0.0,0.0,0.0,0.0,0.0,750.0,0.0,0.0,750.0
7710,0.0,0.0,0.0,0.0,0.0,0.0,3000.0,0.0,0.0,3000.0
7711,0.0,0.0,0.0,0.0,0.0,0.0,3000.0,0.0,0.0,3000.0
7712,125.07675,0.0,0.0,0.0,0.0,0.0,2878.6755525,0.0,0.0,3003.7523025
7713,1021.4715,0.0,0.0,0.0,0.0,0.0,2009.172645,0.0,0.0,3030.644145
7714,126.95595,0.0,0.0,0.0,0.0,0.0,2876.8527285,0.0,0.0,3003.8086785
7715,489.2625,0.0,0.0,0.0,0.0,0.0,2525.415375,0.0,0.0,3014.677875
7716,165.513,0.0,0.0,0.0,0.0,0.0,2839.45239,0.0,0.0,3004.96539
7717,168.492,0.0,0.0,0.0,0.0,0.0,2836.56276,0.0,0.0,3005.05476
7718,0.0,0.0,0.0,0.0,0.0,0.0,3000.0,0.0,0.0,3000.0
7719,0.0,0.0,0.0,0.0,0.0,0.0,3000.0,0.0,0.0,3000.0
7720,0.0,0.0,0.0,0.0,0.0,0.0,3000.0,0.0,0.0,3000.0
7721,0.0,0.0,0.0,0.0,0.0,0.0,3000.0,0.0,0.0,3000.0
7722,0.0,0.0,0.0,0.0,0.0,0.0,3000.0,0.0,0.0,3000.0
7723,0.0,0.0,0.0,0.0,0.0,0.0,3000.0,0.0,0.0,3000.0
7724,0.0,0.0,0.0,0.0,0.0,0.0,3000.0,0.0,0.0,3000.0
7725,0.0,0.0,0.0,0.0,0.0,0.0,3000.0,0.0,0.0,3000.0
7726,0.0,0.0,0.0,0.0,0.0,0.0,3000.0,0.0,0.0,3000.0
7727,0.0,0.0,0.0,0.0,0.0,0.0,0.0,0.0,0.0,0.0
7728,0.0,0.0,0.0,0.0,0.0,0.0,0.0,0.0,0.0,0.0
7729,0.0,0.0,0.0,0.0,0.0,0.0,0.0,0.0,0.0,0.0
7730,0.0,0.0,0.0,0.0,0.0,0.0,0.0,0.0,0.0,0.0
7731,0.0,0.0,0.0,0.0,0.0,0.0,0.0,0.0,0.0,0.0
7732,0.0,0.0,0.0,0.0,0.0,0.0,0.0,0.0,0.0,0.0
7733,0.0,0.0,0.0,0.0,0.0,0.0,750.0,0.0,0.0,750.0
7734,0.0,0.0,0.0,0.0,0.0,0.0,3000.0,0.0,0.0,3000.0
7735,0.0,0.0,0.0,0.0,0.0,0.0,3000.0,0.0,0.0,3000.0
7736,904.0275,0.0,0.0,0.0,0.0,0.0,2123.093325,0.0,0.0,3027.120825
7737,1792.11,0.0,0.0,0.0,0.0,0.0,1261.6533,0.0,0.0,3053.7632999999996
7738,1672.26,0.0,0.0,0.0,0.0,0.0,1377.9078,0.0,0.0,3050.1678
7739,682.5105,0.0,0.0,0.0,0.0,0.0,2337.964815,0.0,0.0,3020.4753149999997
7740,914.58,0.0,0.0,0.0,0.0,0.0,2112.8574,0.0,0.0,3027.4374
7741,289.3965,0.0,0.0,0.0,0.0,0.0,2719.285395,0.0,0.0,3008.6818949999997
7742,0.0,0.0,0.0,0.0,0.0,0.0,3000.0,0.0,0.0,3000.0
7743,0.0,0.0,0.0,0.0,0.0,0.0,3000.0,0.0,0.0,3000.0
7744,0.0,0.0,0.0,0.0,0.0,0.0,3000.0,0.0,0.0,3000.0
7745,0.0,0.0,0.0,0.0,0.0,0.0,3000.0,0.0,0.0,3000.0
7746,0.0,0.0,0.0,0.0,0.0,0.0,3000.0,0.0,0.0,3000.0
7747,0.0,0.0,0.0,0.0,0.0,0.0,3000.0,0.0,0.0,3000.0
7748,0.0,0.0,0.0,0.0,0.0,0.0,3000.0,0.0,0.0,3000.0
7749,0.0,0.0,0.0,0.0,0.0,0.0,3000.0,0.0,0.0,3000.0
7750,0.0,0.0,0.0,0.0,0.0,0.0,3000.0,0.0,0.0,3000.0
7751,0.0,0.0,0.0,0.0,0.0,0.0,0.0,0.0,0.0,0.0
7752,0.0,0.0,0.0,0.0,0.0,0.0,0.0,0.0,0.0,0.0
7753,0.0,0.0,0.0,0.0,0.0,0.0,0.0,0.0,0.0,0.0
7754,0.0,0.0,0.0,0.0,0.0,0.0,0.0,0.0,0.0,0.0
7755,0.0,0.0,0.0,0.0,0.0,0.0,0.0,0.0,0.0,0.0
7756,0.0,0.0,0.0,0.0,0.0,0.0,0.0,0.0,0.0,0.0
7757,0.0,0.0,0.0,0.0,0.0,0.0,750.0,0.0,0.0,750.0
7758,0.0,0.0,0.0,0.0,0.0,0.0,3000.0,0.0,0.0,3000.0
7759,0.0,0.0,0.0,0.0,0.0,0.0,3000.0,0.0,0.0,3000.0
7760,0.0,0.0,0.0,0.0,0.0,0.0,3000.0,0.0,0.0,3000.0
7761,80.877,0.0,0.0,0.0,0.0,0.0,2921.54931,0.0,0.0,3002.42631
7762,232.9815,0.0,0.0,0.0,0.0,0.0,2774.007945,0.0,0.0,3006.9894449999997
7763,516.864,0.0,0.0,0.0,0.0,0.0,2498.64192,0.0,0.0,3015.50592
7764,348.2265,0.0,0.0,0.0,0.0,0.0,2662.220295,0.0,0.0,3010.446795
7765,160.599,0.0,0.0,0.0,0.0,0.0,2844.21897,0.0,0.0,3004.81797
7766,0.0,0.0,0.0,0.0,0.0,0.0,3000.0,0.0,0.0,3000.0
7767,0.0,0.0,0.0,0.0,0.0,0.0,3000.0,0.0,0.0,3000.0
7768,0.0,0.0,0.0,0.0,0.0,0.0,3000.0,0.0,0.0,3000.0
7769,0.0,0.0,0.0,0.0,0.0,0.0,3000.0,0.0,0.0,3000.0
7770,0.0,0.0,0.0,0.0,0.0,0.0,3000.0,0.0,0.0,3000.0
7771,0.0,0.0,0.0,0.0,0.0,0.0,3000.0,0.0,0.0,3000.0
7772,0.0,0.0,0.0,0.0,0.0,0.0,3000.0,0.0,0.0,3000.0
7773,0.0,0.0,0.0,0.0,0.0,0.0,3000.0,0.0,0.0,3000.0
7774,0.0,0.0,0.0,0.0,0.0,0.0,3000.0,0.0,0.0,3000.0
7775,0.0,0.0,0.0,0.0,0.0,0.0,0.0,0.0,0.0,0.0
7776,0.0,0.0,0.0,0.0,0.0,0.0,0.0,0.0,0.0,0.0
7777,0.0,0.0,0.0,0.0,0.0,0.0,0.0,0.0,0.0,0.0
7778,0.0,0.0,0.0,0.0,0.0,0.0,0.0,0.0,0.0,0.0
7779,0.0,0.0,0.0,0.0,0.0,0.0,0.0,0.0,0.0,0.0
7780,0.0,0.0,0.0,0.0,0.0,0.0,0.0,0.0,0.0,0.0
7781,0.0,0.0,0.0,0.0,0.0,0.0,750.0,0.0,0.0,750.0
7782,0.0,0.0,0.0,0.0,0.0,0.0,3000.0,0.0,0.0,3000.0
7783,0.0,0.0,0.0,0.0,0.0,0.0,3000.0,0.0,0.0,3000.0
7784,106.6776,0.0,0.0,0.0,0.0,0.0,2896.522728,0.0,0.0,3003.200328
7785,143.0643,0.0,0.0,0.0,0.0,0.0,2861.227629,0.0,0.0,3004.291929
7786,254.361,0.0,0.0,0.0,0.0,0.0,2753.26983,0.0,0.0,3007.63083
7787,304.779,0.0,0.0,0.0,0.0,0.0,2704.36437,0.0,0.0,3009.14337
7788,239.373,0.0,0.0,0.0,0.0,0.0,2767.80819,0.0,0.0,3007.1811900000002
7789,67.94355,0.0,0.0,0.0,0.0,0.0,2934.0947565,0.0,0.0,3002.0383065
7790,0.0,0.0,0.0,0.0,0.0,0.0,3000.0,0.0,0.0,3000.0
7791,0.0,0.0,0.0,0.0,0.0,0.0,3000.0,0.0,0.0,3000.0
7792,0.0,0.0,0.0,0.0,0.0,0.0,3000.0,0.0,0.0,3000.0
7793,0.0,0.0,0.0,0.0,0.0,0.0,3000.0,0.0,0.0,3000.0
7794,0.0,0.0,0.0,0.0,0.0,0.0,3000.0,0.0,0.0,3000.0
7795,0.0,0.0,0.0,0.0,0.0,0.0,3000.0,0.0,0.0,3000.0
7796,0.0,0.0,0.0,0.0,0.0,0.0,3000.0,0.0,0.0,3000.0
7797,0.0,0.0,0.0,0.0,0.0,0.0,3000.0,0.0,0.0,3000.0
7798,0.0,0.0,0.0,0.0,0.0,0.0,3000.0,0.0,0.0,3000.0
7799,0.0,0.0,0.0,0.0,0.0,0.0,0.0,0.0,0.0,0.0
7800,0.0,0.0,0.0,0.0,0.0,0.0,0.0,0.0,0.0,0.0
7801,0.0,0.0,0.0,0.0,0.0,0.0,0.0,0.0,0.0,0.0
7802,0.0,0.0,0.0,0.0,0.0,0.0,0.0,0.0,0.0,0.0
7803,0.0,0.0,0.0,0.0,0.0,0.0,0.0,0.0,0.0,0.0
7804,0.0,0.0,0.0,0.0,0.0,0.0,0.0,0.0,0.0,0.0
7805,0.0,0.0,0.0,0.0,0.0,0.0,750.0,0.0,0.0,750.0
7806,0.0,0.0,0.0,0.0,0.0,0.0,3000.0,0.0,0.0,3000.0
7807,0.0,0.0,0.0,0.0,0.0,0.0,3000.0,0.0,0.0,3000.0
7808,141.33315,0.0,0.0,0.0,0.0,0.0,2862.9068445,0.0,0.0,3004.2399944999997
7809,309.3285,0.0,0.0,0.0,0.0,0.0,2699.951355,0.0,0.0,3009.279855
7810,264.4665,0.0,0.0,0.0,0.0,0.0,2743.467495,0.0,0.0,3007.933995
7811,1261.0635,0.0,0.0,0.0,0.0,0.0,1776.768405,0.0,0.0,3037.831905
7812,250.9395,0.0,0.0,0.0,0.0,0.0,2756.588685,0.0,0.0,3007.528185
7813,129.23925,0.0,0.0,0.0,0.0,0.0,2874.6379275,0.0,0.0,3003.8771775
7814,0.0,0.0,0.0,0.0,0.0,0.0,3000.0,0.0,0.0,3000.0
7815,0.0,0.0,0.0,0.0,0.0,0.0,3000.0,0.0,0.0,3000.0
7816,0.0,0.0,0.0,0.0,0.0,0.0,3000.0,0.0,0.0,3000.0
7817,0.0,0.0,0.0,0.0,0.0,0.0,3000.0,0.0,0.0,3000.0
7818,0.0,0.0,0.0,0.0,0.0,0.0,3000.0,0.0,0.0,3000.0
7819,0.0,0.0,0.0,0.0,0.0,0.0,3000.0,0.0,0.0,3000.0
7820,0.0,0.0,0.0,0.0,0.0,0.0,3000.0,0.0,0.0,3000.0
7821,0.0,0.0,0.0,0.0,0.0,0.0,3000.0,0.0,0.0,3000.0
7822,0.0,0.0,0.0,0.0,0.0,0.0,3000.0,0.0,0.0,3000.0
7823,0.0,0.0,0.0,0.0,0.0,0.0,0.0,0.0,0.0,0.0
7824,0.0,0.0,0.0,0.0,0.0,0.0,0.0,0.0,0.0,0.0
7825,0.0,0.0,0.0,0.0,0.0,0.0,0.0,0.0,0.0,0.0
7826,0.0,0.0,0.0,0.0,0.0,0.0,0.0,0.0,0.0,0.0
7827,0.0,0.0,0.0,0.0,0.0,0.0,0.0,0.0,0.0,0.0
7828,0.0,0.0,0.0,0.0,0.0,0.0,0.0,0.0,0.0,0.0
7829,0.0,0.0,0.0,0.0,0.0,0.0,750.0,0.0,0.0,750.0
7830,0.0,0.0,0.0,0.0,0.0,0.0,3000.0,0.0,0.0,3000.0
7831,0.0,0.0,0.0,0.0,0.0,0.0,3000.0,0.0,0.0,3000.0
7832,0.0,0.0,0.0,0.0,0.0,0.0,3000.0,0.0,0.0,3000.0
7833,3092.78350515464,0.0,0.0,273.83149484536,0.0,0.0,0.0,0.0,0.0,3092.78350515464
7834,3092.78350515464,0.0,0.0,571.41649484536,0.0,0.0,0.0,0.0,0.0,3092.78350515464
7835,2295.945,0.0,0.0,0.0,0.0,0.0,772.93335,0.0,0.0,3068.87835
7836,1694.235,0.0,0.0,0.0,0.0,0.0,1356.59205,0.0,0.0,3050.82705
7837,1817.715,0.0,0.0,0.0,0.0,0.0,1236.81645,0.0,0.0,3054.53145
7838,0.0,0.0,0.0,0.0,0.0,0.0,3000.0,0.0,0.0,3000.0
7839,0.0,0.0,0.0,0.0,0.0,0.0,3000.0,0.0,0.0,3000.0
7840,0.0,0.0,0.0,0.0,0.0,0.0,3000.0,0.0,0.0,3000.0
7841,0.0,0.0,0.0,0.0,0.0,0.0,3000.0,0.0,0.0,3000.0
7842,0.0,0.0,0.0,0.0,0.0,0.0,3000.0,0.0,0.0,3000.0
7843,0.0,0.0,0.0,0.0,0.0,0.0,3000.0,0.0,0.0,3000.0
7844,0.0,0.0,0.0,0.0,0.0,0.0,3000.0,0.0,0.0,3000.0
7845,0.0,0.0,0.0,0.0,0.0,0.0,3000.0,0.0,0.0,3000.0
7846,0.0,0.0,0.0,0.0,0.0,0.0,3000.0,0.0,0.0,3000.0
7847,0.0,0.0,0.0,0.0,0.0,0.0,0.0,0.0,0.0,0.0
7848,0.0,0.0,0.0,0.0,0.0,0.0,0.0,0.0,0.0,0.0
7849,0.0,0.0,0.0,0.0,0.0,0.0,0.0,0.0,0.0,0.0
7850,0.0,0.0,0.0,0.0,0.0,0.0,0.0,0.0,0.0,0.0
7851,0.0,0.0,0.0,0.0,0.0,0.0,0.0,0.0,0.0,0.0
7852,0.0,0.0,0.0,0.0,0.0,0.0,0.0,0.0,0.0,0.0
7853,0.0,0.0,0.0,0.0,0.0,0.0,750.0,0.0,0.0,750.0
7854,0.0,0.0,0.0,0.0,0.0,0.0,3000.0,0.0,0.0,3000.0
7855,0.0,0.0,0.0,0.0,0.0,0.0,3000.0,0.0,0.0,3000.0
7856,0.0,0.0,0.0,0.0,0.0,0.0,3000.0,0.0,0.0,3000.0
7857,2865.945,0.0,0.0,0.0,0.0,0.0,220.03335,0.0,0.0,3085.9783500000003
7858,3092.78350515464,0.0,0.0,417.03649484536,0.0,0.0,0.0,0.0,0.0,3092.78350515464
7859,2168.94,0.0,0.0,0.0,0.0,0.0,896.1282,0.0,0.0,3065.0682
7860,1606.47,0.0,0.0,0.0,0.0,0.0,1441.7241,0.0,0.0,3048.1940999999997
7861,1628.31,0.0,0.0,0.0,0.0,0.0,1420.5393,0.0,0.0,3048.8493
7862,0.0,0.0,0.0,0.0,0.0,0.0,3000.0,0.0,0.0,3000.0
7863,0.0,0.0,0.0,0.0,0.0,0.0,3000.0,0.0,0.0,3000.0
7864,0.0,0.0,0.0,0.0,0.0,0.0,3000.0,0.0,0.0,3000.0
7865,0.0,0.0,0.0,0.0,0.0,0.0,3000.0,0.0,0.0,3000.0
7866,0.0,0.0,0.0,0.0,0.0,0.0,3000.0,0.0,0.0,3000.0
7867,0.0,0.0,0.0,0.0,0.0,0.0,3000.0,0.0,0.0,3000.0
7868,0.0,0.0,0.0,0.0,0.0,0.0,3000.0,0.0,0.0,3000.0
7869,0.0,0.0,0.0,0.0,0.0,0.0,3000.0,0.0,0.0,3000.0
7870,0.0,0.0,0.0,0.0,0.0,0.0,3000.0,0.0,0.0,3000.0
7871,0.0,0.0,0.0,0.0,0.0,0.0,0.0,0.0,0.0,0.0
7872,0.0,0.0,0.0,0.0,0.0,0.0,0.0,0.0,0.0,0.0
7873,0.0,0.0,0.0,0.0,0.0,0.0,0.0,0.0,0.0,0.0
7874,0.0,0.0,0.0,0.0,0.0,0.0,0.0,0.0,0.0,0.0
7875,0.0,0.0,0.0,0.0,0.0,0.0,0.0,0.0,0.0,0.0
7876,0.0,0.0,0.0,0.0,0.0,0.0,0.0,0.0,0.0,0.0
7877,0.0,0.0,0.0,0.0,0.0,0.0,750.0,0.0,0.0,750.0
7878,0.0,0.0,0.0,0.0,0.0,0.0,3000.0,0.0,0.0,3000.0
7879,0.0,0.0,0.0,0.0,0.0,0.0,3000.0,0.0,0.0,3000.0
7880,0.0,0.0,0.0,0.0,0.0,0.0,3000.0,0.0,0.0,3000.0
7881,2468.895,0.0,0.0,0.0,0.0,0.0,605.17185,0.0,0.0,3074.06685
7882,3092.78350515464,0.0,0.0,186.90649484536,0.0,0.0,0.0,0.0,0.0,3092.78350515464
7883,2121.57,0.0,0.0,0.0,0.0,0.0,942.0771,0.0,0.0,3063.6471
7884,734.712,0.0,0.0,0.0,0.0,0.0,2287.32936,0.0,0.0,3022.04136
7885,1957.95,0.0,0.0,0.0,0.0,0.0,1100.7885,0.0,0.0,3058.7385000000004
7886,0.0,0.0,0.0,0.0,0.0,0.0,3000.0,0.0,0.0,3000.0
7887,0.0,0.0,0.0,0.0,0.0,0.0,3000.0,0.0,0.0,3000.0
7888,0.0,0.0,0.0,0.0,0.0,0.0,3000.0,0.0,0.0,3000.0
7889,0.0,0.0,0.0,0.0,0.0,0.0,3000.0,0.0,0.0,3000.0
7890,0.0,0.0,0.0,0.0,0.0,0.0,3000.0,0.0,0.0,3000.0
7891,0.0,0.0,0.0,0.0,0.0,0.0,3000.0,0.0,0.0,3000.0
7892,0.0,0.0,0.0,0.0,0.0,0.0,3000.0,0.0,0.0,3000.0
7893,0.0,0.0,0.0,0.0,0.0,0.0,3000.0,0.0,0.0,3000.0
7894,0.0,0.0,0.0,0.0,0.0,0.0,3000.0,0.0,0.0,3000.0
7895,0.0,0.0,0.0,0.0,0.0,0.0,0.0,0.0,0.0,0.0
7896,0.0,0.0,0.0,0.0,0.0,0.0,0.0,0.0,0.0,0.0
7897,0.0,0.0,0.0,0.0,0.0,0.0,0.0,0.0,0.0,0.0
7898,0.0,0.0,0.0,0.0,0.0,0.0,0.0,0.0,0.0,0.0
7899,0.0,0.0,0.0,0.0,0.0,0.0,0.0,0.0,0.0,0.0
7900,0.0,0.0,0.0,0.0,0.0,0.0,0.0,0.0,0.0,0.0
7901,0.0,0.0,0.0,0.0,0.0,0.0,750.0,0.0,0.0,750.0
7902,0.0,0.0,0.0,0.0,0.0,0.0,3000.0,0.0,0.0,3000.0
7903,0.0,0.0,0.0,0.0,0.0,0.0,3000.0,0.0,0.0,3000.0
7904,0.0,0.0,0.0,0.0,0.0,0.0,3000.0,0.0,0.0,3000.0
7905,1798.095,0.0,0.0,0.0,0.0,0.0,1255.84785,0.0,0.0,3053.9428500000004
7906,3092.78350515464,0.0,0.0,711.12649484536,0.0,0.0,0.0,0.0,0.0,3092.78350515464
7907,1645.455,0.0,0.0,0.0,0.0,0.0,1403.90865,0.0,0.0,3049.3636500000002
7908,1436.073,0.0,0.0,0.0,0.0,0.0,1607.00919,0.0,0.0,3043.08219
7909,1014.963,0.0,0.0,0.0,0.0,0.0,2015.48589,0.0,0.0,3030.4488899999997
7910,0.0,0.0,0.0,0.0,0.0,0.0,3000.0,0.0,0.0,3000.0
7911,0.0,0.0,0.0,0.0,0.0,0.0,3000.0,0.0,0.0,3000.0
7912,0.0,0.0,0.0,0.0,0.0,0.0,3000.0,0.0,0.0,3000.0
7913,0.0,0.0,0.0,0.0,0.0,0.0,3000.0,0.0,0.0,3000.0
7914,0.0,0.0,0.0,0.0,0.0,0.0,3000.0,0.0,0.0,3000.0
7915,0.0,0.0,0.0,0.0,0.0,0.0,3000.0,0.0,0.0,3000.0
7916,0.0,0.0,0.0,0.0,0.0,0.0,3000.0,0.0,0.0,3000.0
7917,0.0,0.0,0.0,0.0,0.0,0.0,3000.0,0.0,0.0,3000.0
7918,0.0,0.0,0.0,0.0,0.0,0.0,3000.0,0.0,0.0,3000.0
7919,0.0,0.0,0.0,0.0,0.0,0.0,0.0,0.0,0.0,0.0
7920,0.0,0.0,0.0,0.0,0.0,0.0,0.0,0.0,0.0,0.0
7921,0.0,0.0,0.0,0.0,0.0,0.0,0.0,0.0,0.0,0.0
7922,0.0,0.0,0.0,0.0,0.0,0.0,0.0,0.0,0.0,0.0
7923,0.0,0.0,0.0,0.0,0.0,0.0,0.0,0.0,0.0,0.0
7924,0.0,0.0,0.0,0.0,0.0,0.0,0.0,0.0,0.0,0.0
7925,0.0,0.0,0.0,0.0,0.0,0.0,750.0,0.0,0.0,750.0
7926,0.0,0.0,0.0,0.0,0.0,0.0,3000.0,0.0,0.0,3000.0
7927,0.0,0.0,0.0,0.0,0.0,0.0,3000.0,0.0,0.0,3000.0
7928,0.0,0.0,0.0,0.0,0.0,0.0,3000.0,0.0,0.0,3000.0
7929,2192.34,0.0,0.0,0.0,0.0,0.0,873.4302,0.0,0.0,3065.7702
7930,3092.78350515464,0.0,0.0,231.966494845361,0.0,0.0,0.0,0.0,0.0,3092.78350515464
7931,2079.285,0.0,0.0,0.0,0.0,0.0,983.09355,0.0,0.0,3062.37855
7932,940.668,0.0,0.0,0.0,0.0,0.0,2087.55204,0.0,0.0,3028.22004
7933,2104.215,0.0,0.0,0.0,0.0,0.0,958.91145,0.0,0.0,3063.12645
7934,0.0,0.0,0.0,0.0,0.0,0.0,3000.0,0.0,0.0,3000.0
7935,0.0,0.0,0.0,0.0,0.0,0.0,3000.0,0.0,0.0,3000.0
7936,0.0,0.0,0.0,0.0,0.0,0.0,3000.0,0.0,0.0,3000.0
7937,0.0,0.0,0.0,0.0,0.0,0.0,3000.0,0.0,0.0,3000.0
7938,0.0,0.0,0.0,0.0,0.0,0.0,3000.0,0.0,0.0,3000.0
7939,0.0,0.0,0.0,0.0,0.0,0.0,3000.0,0.0,0.0,3000.0
7940,0.0,0.0,0.0,0.0,0.0,0.0,3000.0,0.0,0.0,3000.0
7941,0.0,0.0,0.0,0.0,0.0,0.0,3000.0,0.0,0.0,3000.0
7942,0.0,0.0,0.0,0.0,0.0,0.0,3000.0,0.0,0.0,3000.0
7943,0.0,0.0,0.0,0.0,0.0,0.0,0.0,0.0,0.0,0.0
7944,0.0,0.0,0.0,0.0,0.0,0.0,0.0,0.0,0.0,0.0
7945,0.0,0.0,0.0,0.0,0.0,0.0,0.0,0.0,0.0,0.0
7946,0.0,0.0,0.0,0.0,0.0,0.0,0.0,0.0,0.0,0.0
7947,0.0,0.0,0.0,0.0,0.0,0.0,0.0,0.0,0.0,0.0
7948,0.0,0.0,0.0,0.0,0.0,0.0,0.0,0.0,0.0,0.0
7949,0.0,0.0,0.0,0.0,0.0,0.0,750.0,0.0,0.0,750.0
7950,0.0,0.0,0.0,0.0,0.0,0.0,3000.0,0.0,0.0,3000.0
7951,0.0,0.0,0.0,0.0,0.0,0.0,3000.0,0.0,0.0,3000.0
7952,0.0,0.0,0.0,0.0,0.0,0.0,3000.0,0.0,0.0,3000.0
7953,1274.1255,0.0,0.0,0.0,0.0,0.0,1764.098265,0.0,0.0,3038.223765
7954,1605.45,0.0,0.0,0.0,0.0,0.0,1442.7135,0.0,0.0,3048.1635
7955,1142.856,0.0,0.0,0.0,0.0,0.0,1891.42968,0.0,0.0,3034.28568
7956,921.129,0.0,0.0,0.0,0.0,0.0,2106.50487,0.0,0.0,3027.63387
7957,587.2725,0.0,0.0,0.0,0.0,0.0,2430.345675,0.0,0.0,3017.618175
7958,0.0,0.0,0.0,0.0,0.0,0.0,3000.0,0.0,0.0,3000.0
7959,0.0,0.0,0.0,0.0,0.0,0.0,3000.0,0.0,0.0,3000.0
7960,0.0,0.0,0.0,0.0,0.0,0.0,3000.0,0.0,0.0,3000.0
7961,0.0,0.0,0.0,0.0,0.0,0.0,3000.0,0.0,0.0,3000.0
7962,0.0,0.0,0.0,0.0,0.0,0.0,3000.0,0.0,0.0,3000.0
7963,0.0,0.0,0.0,0.0,0.0,0.0,3000.0,0.0,0.0,3000.0
7964,0.0,0.0,0.0,0.0,0.0,0.0,3000.0,0.0,0.0,3000.0
7965,0.0,0.0,0.0,0.0,0.0,0.0,3000.0,0.0,0.0,3000.0
7966,0.0,0.0,0.0,0.0,0.0,0.0,3000.0,0.0,0.0,3000.0
7967,0.0,0.0,0.0,0.0,0.0,0.0,0.0,0.0,0.0,0.0
7968,0.0,0.0,0.0,0.0,0.0,0.0,0.0,0.0,0.0,0.0
7969,0.0,0.0,0.0,0.0,0.0,0.0,0.0,0.0,0.0,0.0
7970,0.0,0.0,0.0,0.0,0.0,0.0,0.0,0.0,0.0,0.0
7971,0.0,0.0,0.0,0.0,0.0,0.0,0.0,0.0,0.0,0.0
7972,0.0,0.0,0.0,0.0,0.0,0.0,0.0,0.0,0.0,0.0
7973,0.0,0.0,0.0,0.0,0.0,0.0,750.0,0.0,0.0,750.0
7974,0.0,0.0,0.0,0.0,0.0,0.0,3000.0,0.0,0.0,3000.0
7975,0.0,0.0,0.0,0.0,0.0,0.0,3000.0,0.0,0.0,3000.0
7976,0.0,0.0,0.0,0.0,0.0,0.0,3000.0,0.0,0.0,3000.0
7977,2023.485,0.0,0.0,0.0,0.0,0.0,1037.21955,0.0,0.0,3060.70455
7978,229.212,0.0,0.0,0.0,0.0,0.0,2777.66436,0.0,0.0,3006.87636
7979,582.5895,0.0,0.0,0.0,0.0,0.0,2434.888185,0.0,0.0,3017.477685
7980,1070.5395,0.0,0.0,0.0,0.0,0.0,1961.576685,0.0,0.0,3032.116185
7981,785.5695,0.0,0.0,0.0,0.0,0.0,2237.997585,0.0,0.0,3023.567085
7982,0.0,0.0,0.0,0.0,0.0,0.0,3000.0,0.0,0.0,3000.0
7983,0.0,0.0,0.0,0.0,0.0,0.0,3000.0,0.0,0.0,3000.0
7984,0.0,0.0,0.0,0.0,0.0,0.0,3000.0,0.0,0.0,3000.0
7985,0.0,0.0,0.0,0.0,0.0,0.0,3000.0,0.0,0.0,3000.0
7986,0.0,0.0,0.0,0.0,0.0,0.0,3000.0,0.0,0.0,3000.0
7987,0.0,0.0,0.0,0.0,0.0,0.0,3000.0,0.0,0.0,3000.0
7988,0.0,0.0,0.0,0.0,0.0,0.0,3000.0,0.0,0.0,3000.0
7989,0.0,0.0,0.0,0.0,0.0,0.0,3000.0,0.0,0.0,3000.0
7990,0.0,0.0,0.0,0.0,0.0,0.0,3000.0,0.0,0.0,3000.0
7991,0.0,0.0,0.0,0.0,0.0,0.0,0.0,0.0,0.0,0.0
7992,0.0,0.0,0.0,0.0,0.0,0.0,0.0,0.0,0.0,0.0
7993,0.0,0.0,0.0,0.0,0.0,0.0,0.0,0.0,0.0,0.0
7994,0.0,0.0,0.0,0.0,0.0,0.0,0.0,0.0,0.0,0.0
7995,0.0,0.0,0.0,0.0,0.0,0.0,0.0,0.0,0.0,0.0
7996,0.0,0.0,0.0,0.0,0.0,0.0,0.0,0.0,0.0,0.0
7997,0.0,0.0,0.0,0.0,0.0,0.0,750.0,0.0,0.0,750.0
7998,0.0,0.0,0.0,0.0,0.0,0.0,3000.0,0.0,0.0,3000.0
7999,0.0,0.0,0.0,0.0,0.0,0.0,3000.0,0.0,0.0,3000.0
8000,0.0,0.0,0.0,0.0,0.0,0.0,3000.0,0.0,0.0,3000.0
8001,1899.69,0.0,0.0,0.0,0.0,0.0,1157.3007,0.0,0.0,3056.9907000000003
8002,3092.78350515464,0.0,0.0,146.751494845361,0.0,0.0,0.0,0.0,0.0,3092.78350515464
8003,1658.025,0.0,0.0,0.0,0.0,0.0,1391.71575,0.0,0.0,3049.74075
8004,1330.791,0.0,0.0,0.0,0.0,0.0,1709.13273,0.0,0.0,3039.92373
8005,1164.144,0.0,0.0,0.0,0.0,0.0,1870.78032,0.0,0.0,3034.92432
8006,0.0,0.0,0.0,0.0,0.0,0.0,3000.0,0.0,0.0,3000.0
8007,0.0,0.0,0.0,0.0,0.0,0.0,3000.0,0.0,0.0,3000.0
8008,0.0,0.0,0.0,0.0,0.0,0.0,3000.0,0.0,0.0,3000.0
8009,0.0,0.0,0.0,0.0,0.0,0.0,3000.0,0.0,0.0,3000.0
8010,0.0,0.0,0.0,0.0,0.0,0.0,3000.0,0.0,0.0,3000.0
8011,0.0,0.0,0.0,0.0,0.0,0.0,3000.0,0.0,0.0,3000.0
8012,0.0,0.0,0.0,0.0,0.0,0.0,3000.0,0.0,0.0,3000.0
8013,0.0,0.0,0.0,0.0,0.0,0.0,3000.0,0.0,0.0,3000.0
8014,0.0,0.0,0.0,0.0,0.0,0.0,3000.0,0.0,0.0,3000.0
8015,0.0,0.0,0.0,0.0,0.0,0.0,0.0,0.0,0.0,0.0
8016,0.0,0.0,0.0,0.0,0.0,0.0,0.0,0.0,0.0,0.0
8017,0.0,0.0,0.0,0.0,0.0,0.0,0.0,0.0,0.0,0.0
8018,0.0,0.0,0.0,0.0,0.0,0.0,0.0,0.0,0.0,0.0
8019,0.0,0.0,0.0,0.0,0.0,0.0,0.0,0.0,0.0,0.0
8020,0.0,0.0,0.0,0.0,0.0,0.0,0.0,0.0,0.0,0.0
8021,0.0,0.0,0.0,0.0,0.0,0.0,750.0,0.0,0.0,750.0
8022,0.0,0.0,0.0,0.0,0.0,0.0,3000.0,0.0,0.0,3000.0
8023,0.0,0.0,0.0,0.0,0.0,0.0,3000.0,0.0,0.0,3000.0
8024,0.0,0.0,0.0,0.0,0.0,0.0,3000.0,0.0,0.0,3000.0
8025,1831.755,0.0,0.0,0.0,0.0,0.0,1223.19765,0.0,0.0,3054.95265
8026,2664.66,0.0,0.0,0.0,0.0,0.0,415.2798,0.0,0.0,3079.9398
8027,961.4355,0.0,0.0,0.0,0.0,0.0,2067.407565,0.0,0.0,3028.843065
8028,1255.143,0.0,0.0,0.0,0.0,0.0,1782.51129,0.0,0.0,3037.65429
8029,106.82535,0.0,0.0,0.0,0.0,0.0,2896.3794105,0.0,0.0,3003.2047605000002
8030,0.0,0.0,0.0,0.0,0.0,0.0,3000.0,0.0,0.0,3000.0
8031,0.0,0.0,0.0,0.0,0.0,0.0,3000.0,0.0,0.0,3000.0
8032,0.0,0.0,0.0,0.0,0.0,0.0,3000.0,0.0,0.0,3000.0
8033,0.0,0.0,0.0,0.0,0.0,0.0,3000.0,0.0,0.0,3000.0
8034,0.0,0.0,0.0,0.0,0.0,0.0,3000.0,0.0,0.0,3000.0
8035,0.0,0.0,0.0,0.0,0.0,0.0,3000.0,0.0,0.0,3000.0
8036,0.0,0.0,0.0,0.0,0.0,0.0,3000.0,0.0,0.0,3000.0
8037,0.0,0.0,0.0,0.0,0.0,0.0,3000.0,0.0,0.0,3000.0
8038,0.0,0.0,0.0,0.0,0.0,0.0,3000.0,0.0,0.0,3000.0
8039,0.0,0.0,0.0,0.0,0.0,0.0,0.0,0.0,0.0,0.0
8040,0.0,0.0,0.0,0.0,0.0,0.0,0.0,0.0,0.0,0.0
8041,0.0,0.0,0.0,0.0,0.0,0.0,0.0,0.0,0.0,0.0
8042,0.0,0.0,0.0,0.0,0.0,0.0,0.0,0.0,0.0,0.0
8043,0.0,0.0,0.0,0.0,0.0,0.0,0.0,0.0,0.0,0.0
8044,0.0,0.0,0.0,0.0,0.0,0.0,0.0,0.0,0.0,0.0
8045,0.0,0.0,0.0,0.0,0.0,0.0,750.0,0.0,0.0,750.0
8046,0.0,0.0,0.0,0.0,0.0,0.0,3000.0,0.0,0.0,3000.0
8047,0.0,0.0,0.0,0.0,0.0,0.0,3000.0,0.0,0.0,3000.0
8048,0.0,0.0,0.0,0.0,0.0,0.0,3000.0,0.0,0.0,3000.0
8049,35.28735,0.0,0.0,0.0,0.0,0.0,2965.7712705,0.0,0.0,3001.0586205
8050,44.2149,0.0,0.0,0.0,0.0,0.0,2957.111547,0.0,0.0,3001.326447
8051,77.6544,0.0,0.0,0.0,0.0,0.0,2924.675232,0.0,0.0,3002.329632
8052,482.622,0.0,0.0,0.0,0.0,0.0,2531.85666,0.0,0.0,3014.4786599999998
8053,0.0,0.0,0.0,0.0,0.0,0.0,3000.0,0.0,0.0,3000.0
8054,0.0,0.0,0.0,0.0,0.0,0.0,3000.0,0.0,0.0,3000.0
8055,0.0,0.0,0.0,0.0,0.0,0.0,3000.0,0.0,0.0,3000.0
8056,0.0,0.0,0.0,0.0,0.0,0.0,3000.0,0.0,0.0,3000.0
8057,0.0,0.0,0.0,0.0,0.0,0.0,3000.0,0.0,0.0,3000.0
8058,0.0,0.0,0.0,0.0,0.0,0.0,3000.0,0.0,0.0,3000.0
8059,0.0,0.0,0.0,0.0,0.0,0.0,3000.0,0.0,0.0,3000.0
8060,0.0,0.0,0.0,0.0,0.0,0.0,3000.0,0.0,0.0,3000.0
8061,0.0,0.0,0.0,0.0,0.0,0.0,3000.0,0.0,0.0,3000.0
8062,0.0,0.0,0.0,0.0,0.0,0.0,3000.0,0.0,0.0,3000.0
8063,0.0,0.0,0.0,0.0,0.0,0.0,0.0,0.0,0.0,0.0
8064,0.0,0.0,0.0,0.0,0.0,0.0,0.0,0.0,0.0,0.0
8065,0.0,0.0,0.0,0.0,0.0,0.0,0.0,0.0,0.0,0.0
8066,0.0,0.0,0.0,0.0,0.0,0.0,0.0,0.0,0.0,0.0
8067,0.0,0.0,0.0,0.0,0.0,0.0,0.0,0.0,0.0,0.0
8068,0.0,0.0,0.0,0.0,0.0,0.0,0.0,0.0,0.0,0.0
8069,0.0,0.0,0.0,0.0,0.0,0.0,750.0,0.0,0.0,750.0
8070,0.0,0.0,0.0,0.0,0.0,0.0,3000.0,0.0,0.0,3000.0
8071,0.0,0.0,0.0,0.0,0.0,0.0,3000.0,0.0,0.0,3000.0
8072,0.0,0.0,0.0,0.0,0.0,0.0,3000.0,0.0,0.0,3000.0
8073,0.0,0.0,0.0,0.0,0.0,0.0,3000.0,0.0,0.0,3000.0
8074,373.008,0.0,0.0,0.0,0.0,0.0,2638.18224,0.0,0.0,3011.19024
8075,57.1647,0.0,0.0,0.0,0.0,0.0,2944.550241,0.0,0.0,3001.7149409999997
8076,50.20305,0.0,0.0,0.0,0.0,0.0,2951.3030415,0.0,0.0,3001.5060915
8077,0.0,0.0,0.0,0.0,0.0,0.0,3000.0,0.0,0.0,3000.0
8078,0.0,0.0,0.0,0.0,0.0,0.0,3000.0,0.0,0.0,3000.0
8079,0.0,0.0,0.0,0.0,0.0,0.0,3000.0,0.0,0.0,3000.0
8080,0.0,0.0,0.0,0.0,0.0,0.0,3000.0,0.0,0.0,3000.0
8081,0.0,0.0,0.0,0.0,0.0,0.0,3000.0,0.0,0.0,3000.0
8082,0.0,0.0,0.0,0.0,0.0,0.0,3000.0,0.0,0.0,3000.0
8083,0.0,0.0,0.0,0.0,0.0,0.0,3000.0,0.0,0.0,3000.0
8084,0.0,0.0,0.0,0.0,0.0,0.0,3000.0,0.0,0.0,3000.0
8085,0.0,0.0,0.0,0.0,0.0,0.0,3000.0,0.0,0.0,3000.0
8086,0.0,0.0,0.0,0.0,0.0,0.0,3000.0,0.0,0.0,3000.0
8087,0.0,0.0,0.0,0.0,0.0,0.0,0.0,0.0,0.0,0.0
8088,0.0,0.0,0.0,0.0,0.0,0.0,0.0,0.0,0.0,0.0
8089,0.0,0.0,0.0,0.0,0.0,0.0,0.0,0.0,0.0,0.0
8090,0.0,0.0,0.0,0.0,0.0,0.0,0.0,0.0,0.0,0.0
8091,0.0,0.0,0.0,0.0,0.0,0.0,0.0,0.0,0.0,0.0
8092,0.0,0.0,0.0,0.0,0.0,0.0,0.0,0.0,0.0,0.0
8093,0.0,0.0,0.0,0.0,0.0,0.0,750.0,0.0,0.0,750.0
8094,0.0,0.0,0.0,0.0,0.0,0.0,3000.0,0.0,0.0,3000.0
8095,0.0,0.0,0.0,0.0,0.0,0.0,3000.0,0.0,0.0,3000.0
8096,0.0,0.0,0.0,0.0,0.0,0.0,3000.0,0.0,0.0,3000.0
8097,0.0,0.0,0.0,0.0,0.0,0.0,3000.0,0.0,0.0,3000.0
8098,180.528,0.0,0.0,0.0,0.0,0.0,2824.88784,0.0,0.0,3005.4158399999997
8099,86.7042,0.0,0.0,0.0,0.0,0.0,2915.896926,0.0,0.0,3002.601126
8100,38.7921,0.0,0.0,0.0,0.0,0.0,2962.371663,0.0,0.0,3001.163763
8101,104.94765,0.0,0.0,0.0,0.0,0.0,2898.2007795,0.0,0.0,3003.1484295
8102,0.0,0.0,0.0,0.0,0.0,0.0,3000.0,0.0,0.0,3000.0
8103,0.0,0.0,0.0,0.0,0.0,0.0,3000.0,0.0,0.0,3000.0
8104,0.0,0.0,0.0,0.0,0.0,0.0,3000.0,0.0,0.0,3000.0
8105,0.0,0.0,0.0,0.0,0.0,0.0,3000.0,0.0,0.0,3000.0
8106,0.0,0.0,0.0,0.0,0.0,0.0,3000.0,0.0,0.0,3000.0
8107,0.0,0.0,0.0,0.0,0.0,0.0,3000.0,0.0,0.0,3000.0
8108,0.0,0.0,0.0,0.0,0.0,0.0,3000.0,0.0,0.0,3000.0
8109,0.0,0.0,0.0,0.0,0.0,0.0,3000.0,0.0,0.0,3000.0
8110,0.0,0.0,0.0,0.0,0.0,0.0,3000.0,0.0,0.0,3000.0
8111,0.0,0.0,0.0,0.0,0.0,0.0,0.0,0.0,0.0,0.0
8112,0.0,0.0,0.0,0.0,0.0,0.0,0.0,0.0,0.0,0.0
8113,0.0,0.0,0.0,0.0,0.0,0.0,0.0,0.0,0.0,0.0
8114,0.0,0.0,0.0,0.0,0.0,0.0,0.0,0.0,0.0,0.0
8115,0.0,0.0,0.0,0.0,0.0,0.0,0.0,0.0,0.0,0.0
8116,0.0,0.0,0.0,0.0,0.0,0.0,0.0,0.0,0.0,0.0
8117,0.0,0.0,0.0,0.0,0.0,0.0,750.0,0.0,0.0,750.0
8118,0.0,0.0,0.0,0.0,0.0,0.0,3000.0,0.0,0.0,3000.0
8119,0.0,0.0,0.0,0.0,0.0,0.0,3000.0,0.0,0.0,3000.0
8120,0.0,0.0,0.0,0.0,0.0,0.0,3000.0,0.0,0.0,3000.0
8121,18.86055,0.0,0.0,0.0,0.0,0.0,2981.7052665,0.0,0.0,3000.5658165
8122,100.42155,0.0,0.0,0.0,0.0,0.0,2902.5910965,0.0,0.0,3003.0126465
8123,189.762,0.0,0.0,0.0,0.0,0.0,2815.93086,0.0,0.0,3005.69286
8124,153.2205,0.0,0.0,0.0,0.0,0.0,2851.376115,0.0,0.0,3004.596615
8125,16.50615,0.0,0.0,0.0,0.0,0.0,2983.9890345,0.0,0.0,3000.4951845
8126,0.0,0.0,0.0,0.0,0.0,0.0,3000.0,0.0,0.0,3000.0
8127,0.0,0.0,0.0,0.0,0.0,0.0,3000.0,0.0,0.0,3000.0
8128,0.0,0.0,0.0,0.0,0.0,0.0,3000.0,0.0,0.0,3000.0
8129,0.0,0.0,0.0,0.0,0.0,0.0,3000.0,0.0,0.0,3000.0
8130,0.0,0.0,0.0,0.0,0.0,0.0,3000.0,0.0,0.0,3000.0
8131,0.0,0.0,0.0,0.0,0.0,0.0,3000.0,0.0,0.0,3000.0
8132,0.0,0.0,0.0,0.0,0.0,0.0,3000.0,0.0,0.0,3000.0
8133,0.0,0.0,0.0,0.0,0.0,0.0,3000.0,0.0,0.0,3000.0
8134,0.0,0.0,0.0,0.0,0.0,0.0,3000.0,0.0,0.0,3000.0
8135,0.0,0.0,0.0,0.0,0.0,0.0,0.0,0.0,0.0,0.0
8136,0.0,0.0,0.0,0.0,0.0,0.0,0.0,0.0,0.0,0.0
8137,0.0,0.0,0.0,0.0,0.0,0.0,0.0,0.0,0.0,0.0
8138,0.0,0.0,0.0,0.0,0.0,0.0,0.0,0.0,0.0,0.0
8139,0.0,0.0,0.0,0.0,0.0,0.0,0.0,0.0,0.0,0.0
8140,0.0,0.0,0.0,0.0,0.0,0.0,0.0,0.0,0.0,0.0
8141,0.0,0.0,0.0,0.0,0.0,0.0,750.0,0.0,0.0,750.0
8142,0.0,0.0,0.0,0.0,0.0,0.0,3000.0,0.0,0.0,3000.0
8143,0.0,0.0,0.0,0.0,0.0,0.0,3000.0,0.0,0.0,3000.0
8144,0.0,0.0,0.0,0.0,0.0,0.0,3000.0,0.0,0.0,3000.0
8145,902.3115,0.0,0.0,0.0,0.0,0.0,2124.757845,0.0,0.0,3027.069345
8146,32.54595,0.0,0.0,0.0,0.0,0.0,2968.4304285,0.0,0.0,3000.9763785
8147,46.59135,0.0,0.0,0.0,0.0,0.0,2954.8063905,0.0,0.0,3001.3977405
8148,129.84195,0.0,0.0,0.0,0.0,0.0,2874.0533085,0.0,0.0,3003.8952585
8149,0.0,0.0,0.0,0.0,0.0,0.0,3000.0,0.0,0.0,3000.0
8150,0.0,0.0,0.0,0.0,0.0,0.0,3000.0,0.0,0.0,3000.0
8151,0.0,0.0,0.0,0.0,0.0,0.0,3000.0,0.0,0.0,3000.0
8152,0.0,0.0,0.0,0.0,0.0,0.0,3000.0,0.0,0.0,3000.0
8153,0.0,0.0,0.0,0.0,0.0,0.0,3000.0,0.0,0.0,3000.0
8154,0.0,0.0,0.0,0.0,0.0,0.0,3000.0,0.0,0.0,3000.0
8155,0.0,0.0,0.0,0.0,0.0,0.0,3000.0,0.0,0.0,3000.0
8156,0.0,0.0,0.0,0.0,0.0,0.0,3000.0,0.0,0.0,3000.0
8157,0.0,0.0,0.0,0.0,0.0,0.0,3000.0,0.0,0.0,3000.0
8158,0.0,0.0,0.0,0.0,0.0,0.0,3000.0,0.0,0.0,3000.0
8159,0.0,0.0,0.0,0.0,0.0,0.0,0.0,0.0,0.0,0.0
8160,0.0,0.0,0.0,0.0,0.0,0.0,0.0,0.0,0.0,0.0
8161,0.0,0.0,0.0,0.0,0.0,0.0,0.0,0.0,0.0,0.0
8162,0.0,0.0,0.0,0.0,0.0,0.0,0.0,0.0,0.0,0.0
8163,0.0,0.0,0.0,0.0,0.0,0.0,0.0,0.0,0.0,0.0
8164,0.0,0.0,0.0,0.0,0.0,0.0,0.0,0.0,0.0,0.0
8165,0.0,0.0,0.0,0.0,0.0,0.0,750.0,0.0,0.0,750.0
8166,0.0,0.0,0.0,0.0,0.0,0.0,3000.0,0.0,0.0,3000.0
8167,0.0,0.0,0.0,0.0,0.0,0.0,3000.0,0.0,0.0,3000.0
8168,0.0,0.0,0.0,0.0,0.0,0.0,3000.0,0.0,0.0,3000.0
8169,1223.5935,0.0,0.0,0.0,0.0,0.0,1813.114305,0.0,0.0,3036.707805
8170,168.6525,0.0,0.0,0.0,0.0,0.0,2836.407075,0.0,0.0,3005.059575
8171,77.0847,0.0,0.0,0.0,0.0,0.0,2925.227841,0.0,0.0,3002.312541
8172,108.04935,0.0,0.0,0.0,0.0,0.0,2895.1921305,0.0,0.0,3003.2414805
8173,0.0,0.0,0.0,0.0,0.0,0.0,3000.0,0.0,0.0,3000.0
8174,0.0,0.0,0.0,0.0,0.0,0.0,3000.0,0.0,0.0,3000.0
8175,0.0,0.0,0.0,0.0,0.0,0.0,3000.0,0.0,0.0,3000.0
8176,0.0,0.0,0.0,0.0,0.0,0.0,3000.0,0.0,0.0,3000.0
8177,0.0,0.0,0.0,0.0,0.0,0.0,3000.0,0.0,0.0,3000.0
8178,0.0,0.0,0.0,0.0,0.0,0.0,3000.0,0.0,0.0,3000.0
8179,0.0,0.0,0.0,0.0,0.0,0.0,3000.0,0.0,0.0,3000.0
8180,0.0,0.0,0.0,0.0,0.0,0.0,3000.0,0.0,0.0,3000.0
8181,0.0,0.0,0.0,0.0,0.0,0.0,3000.0,0.0,0.0,3000.0
8182,0.0,0.0,0.0,0.0,0.0,0.0,3000.0,0.0,0.0,3000.0
8183,0.0,0.0,0.0,0.0,0.0,0.0,0.0,0.0,0.0,0.0
8184,0.0,0.0,0.0,0.0,0.0,0.0,0.0,0.0,0.0,0.0
8185,0.0,0.0,0.0,0.0,0.0,0.0,0.0,0.0,0.0,0.0
8186,0.0,0.0,0.0,0.0,0.0,0.0,0.0,0.0,0.0,0.0
8187,0.0,0.0,0.0,0.0,0.0,0.0,0.0,0.0,0.0,0.0
8188,0.0,0.0,0.0,0.0,0.0,0.0,0.0,0.0,0.0,0.0
8189,0.0,0.0,0.0,0.0,0.0,0.0,750.0,0.0,0.0,750.0
8190,0.0,0.0,0.0,0.0,0.0,0.0,3000.0,0.0,0.0,3000.0
8191,0.0,0.0,0.0,0.0,0.0,0.0,3000.0,0.0,0.0,3000.0
8192,0.0,0.0,0.0,0.0,0.0,0.0,3000.0,0.0,0.0,3000.0
8193,156.7365,0.0,0.0,0.0,0.0,0.0,2847.965595,0.0,0.0,3004.702095
8194,3092.78350515464,0.0,0.0,173.526494845361,0.0,0.0,0.0,0.0,0.0,3092.78350515464
8195,371.994,0.0,0.0,0.0,0.0,0.0,2639.16582,0.0,0.0,3011.1598200000003
8196,335.8575,0.0,0.0,0.0,0.0,0.0,2674.218225,0.0,0.0,3010.075725
8197,505.9365,0.0,0.0,0.0,0.0,0.0,2509.241595,0.0,0.0,3015.178095
8198,0.0,0.0,0.0,0.0,0.0,0.0,3000.0,0.0,0.0,3000.0
8199,0.0,0.0,0.0,0.0,0.0,0.0,3000.0,0.0,0.0,3000.0
8200,0.0,0.0,0.0,0.0,0.0,0.0,3000.0,0.0,0.0,3000.0
8201,0.0,0.0,0.0,0.0,0.0,0.0,3000.0,0.0,0.0,3000.0
8202,0.0,0.0,0.0,0.0,0.0,0.0,3000.0,0.0,0.0,3000.0
8203,0.0,0.0,0.0,0.0,0.0,0.0,3000.0,0.0,0.0,3000.0
8204,0.0,0.0,0.0,0.0,0.0,0.0,3000.0,0.0,0.0,3000.0
8205,0.0,0.0,0.0,0.0,0.0,0.0,3000.0,0.0,0.0,3000.0
8206,0.0,0.0,0.0,0.0,0.0,0.0,3000.0,0.0,0.0,3000.0
8207,0.0,0.0,0.0,0.0,0.0,0.0,0.0,0.0,0.0,0.0
8208,0.0,0.0,0.0,0.0,0.0,0.0,0.0,0.0,0.0,0.0
8209,0.0,0.0,0.0,0.0,0.0,0.0,0.0,0.0,0.0,0.0
8210,0.0,0.0,0.0,0.0,0.0,0.0,0.0,0.0,0.0,0.0
8211,0.0,0.0,0.0,0.0,0.0,0.0,0.0,0.0,0.0,0.0
8212,0.0,0.0,0.0,0.0,0.0,0.0,0.0,0.0,0.0,0.0
8213,0.0,0.0,0.0,0.0,0.0,0.0,750.0,0.0,0.0,750.0
8214,0.0,0.0,0.0,0.0,0.0,0.0,3000.0,0.0,0.0,3000.0
8215,0.0,0.0,0.0,0.0,0.0,0.0,3000.0,0.0,0.0,3000.0
8216,0.0,0.0,0.0,0.0,0.0,0.0,3000.0,0.0,0.0,3000.0
8217,1524.555,0.0,0.0,0.0,0.0,0.0,1521.18165,0.0,0.0,3045.73665
8218,1733.355,0.0,0.0,0.0,0.0,0.0,1318.64565,0.0,0.0,3052.00065
8219,1359.6915,0.0,0.0,0.0,0.0,0.0,1681.099245,0.0,0.0,3040.7907450000002
8220,1255.425,0.0,0.0,0.0,0.0,0.0,1782.23775,0.0,0.0,3037.66275
8221,472.002,0.0,0.0,0.0,0.0,0.0,2542.15806,0.0,0.0,3014.16006
8222,0.0,0.0,0.0,0.0,0.0,0.0,3000.0,0.0,0.0,3000.0
8223,0.0,0.0,0.0,0.0,0.0,0.0,3000.0,0.0,0.0,3000.0
8224,0.0,0.0,0.0,0.0,0.0,0.0,3000.0,0.0,0.0,3000.0
8225,0.0,0.0,0.0,0.0,0.0,0.0,3000.0,0.0,0.0,3000.0
8226,0.0,0.0,0.0,0.0,0.0,0.0,3000.0,0.0,0.0,3000.0
8227,0.0,0.0,0.0,0.0,0.0,0.0,3000.0,0.0,0.0,3000.0
8228,0.0,0.0,0.0,0.0,0.0,0.0,3000.0,0.0,0.0,3000.0
8229,0.0,0.0,0.0,0.0,0.0,0.0,3000.0,0.0,0.0,3000.0
8230,0.0,0.0,0.0,0.0,0.0,0.0,3000.0,0.0,0.0,3000.0
8231,0.0,0.0,0.0,0.0,0.0,0.0,0.0,0.0,0.0,0.0
8232,0.0,0.0,0.0,0.0,0.0,0.0,0.0,0.0,0.0,0.0
8233,0.0,0.0,0.0,0.0,0.0,0.0,0.0,0.0,0.0,0.0
8234,0.0,0.0,0.0,0.0,0.0,0.0,0.0,0.0,0.0,0.0
8235,0.0,0.0,0.0,0.0,0.0,0.0,0.0,0.0,0.0,0.0
8236,0.0,0.0,0.0,0.0,0.0,0.0,0.0,0.0,0.0,0.0
8237,0.0,0.0,0.0,0.0,0.0,0.0,750.0,0.0,0.0,750.0
8238,0.0,0.0,0.0,0.0,0.0,0.0,3000.0,0.0,0.0,3000.0
8239,0.0,0.0,0.0,0.0,0.0,0.0,3000.0,0.0,0.0,3000.0
8240,0.0,0.0,0.0,0.0,0.0,0.0,3000.0,0.0,0.0,3000.0
8241,487.581,0.0,0.0,0.0,0.0,0.0,2527.04643,0.0,0.0,3014.62743
8242,1964.625,0.0,0.0,0.0,0.0,0.0,1094.31375,0.0,0.0,3058.9387500000003
8243,1138.281,0.0,0.0,0.0,0.0,0.0,1895.86743,0.0,0.0,3034.14843
8244,850.833,0.0,0.0,0.0,0.0,0.0,2174.69199,0.0,0.0,3025.52499
8245,923.031,0.0,0.0,0.0,0.0,0.0,2104.65993,0.0,0.0,3027.6909299999998
8246,0.0,0.0,0.0,0.0,0.0,0.0,3000.0,0.0,0.0,3000.0
8247,0.0,0.0,0.0,0.0,0.0,0.0,3000.0,0.0,0.0,3000.0
8248,0.0,0.0,0.0,0.0,0.0,0.0,3000.0,0.0,0.0,3000.0
8249,0.0,0.0,0.0,0.0,0.0,0.0,3000.0,0.0,0.0,3000.0
8250,0.0,0.0,0.0,0.0,0.0,0.0,3000.0,0.0,0.0,3000.0
8251,0.0,0.0,0.0,0.0,0.0,0.0,3000.0,0.0,0.0,3000.0
8252,0.0,0.0,0.0,0.0,0.0,0.0,3000.0,0.0,0.0,3000.0
8253,0.0,0.0,0.0,0.0,0.0,0.0,3000.0,0.0,0.0,3000.0
8254,0.0,0.0,0.0,0.0,0.0,0.0,3000.0,0.0,0.0,3000.0
8255,0.0,0.0,0.0,0.0,0.0,0.0,0.0,0.0,0.0,0.0
8256,0.0,0.0,0.0,0.0,0.0,0.0,0.0,0.0,0.0,0.0
8257,0.0,0.0,0.0,0.0,0.0,0.0,0.0,0.0,0.0,0.0
8258,0.0,0.0,0.0,0.0,0.0,0.0,0.0,0.0,0.0,0.0
8259,0.0,0.0,0.0,0.0,0.0,0.0,0.0,0.0,0.0,0.0
8260,0.0,0.0,0.0,0.0,0.0,0.0,0.0,0.0,0.0,0.0
8261,0.0,0.0,0.0,0.0,0.0,0.0,750.0,0.0,0.0,750.0
8262,0.0,0.0,0.0,0.0,0.0,0.0,3000.0,0.0,0.0,3000.0
8263,0.0,0.0,0.0,0.0,0.0,0.0,3000.0,0.0,0.0,3000.0
8264,0.0,0.0,0.0,0.0,0.0,0.0,3000.0,0.0,0.0,3000.0
8265,1842.36,0.0,0.0,0.0,0.0,0.0,1212.9108,0.0,0.0,3055.2708000000002
8266,2647.395,0.0,0.0,0.0,0.0,0.0,432.02685,0.0,0.0,3079.42185
8267,1244.8395,0.0,0.0,0.0,0.0,0.0,1792.505685,0.0,0.0,3037.345185
8268,1225.0335,0.0,0.0,0.0,0.0,0.0,1811.717505,0.0,0.0,3036.751005
8269,843.843,0.0,0.0,0.0,0.0,0.0,2181.47229,0.0,0.0,3025.31529
8270,0.0,0.0,0.0,0.0,0.0,0.0,3000.0,0.0,0.0,3000.0
8271,0.0,0.0,0.0,0.0,0.0,0.0,3000.0,0.0,0.0,3000.0
8272,0.0,0.0,0.0,0.0,0.0,0.0,3000.0,0.0,0.0,3000.0
8273,0.0,0.0,0.0,0.0,0.0,0.0,3000.0,0.0,0.0,3000.0
8274,0.0,0.0,0.0,0.0,0.0,0.0,3000.0,0.0,0.0,3000.0
8275,0.0,0.0,0.0,0.0,0.0,0.0,3000.0,0.0,0.0,3000.0
8276,0.0,0.0,0.0,0.0,0.0,0.0,3000.0,0.0,0.0,3000.0
8277,0.0,0.0,0.0,0.0,0.0,0.0,3000.0,0.0,0.0,3000.0
8278,0.0,0.0,0.0,0.0,0.0,0.0,3000.0,0.0,0.0,3000.0
8279,0.0,0.0,0.0,0.0,0.0,0.0,0.0,0.0,0.0,0.0
8280,0.0,0.0,0.0,0.0,0.0,0.0,0.0,0.0,0.0,0.0
8281,0.0,0.0,0.0,0.0,0.0,0.0,0.0,0.0,0.0,0.0
8282,0.0,0.0,0.0,0.0,0.0,0.0,0.0,0.0,0.0,0.0
8283,0.0,0.0,0.0,0.0,0.0,0.0,0.0,0.0,0.0,0.0
8284,0.0,0.0,0.0,0.0,0.0,0.0,0.0,0.0,0.0,0.0
8285,0.0,0.0,0.0,0.0,0.0,0.0,750.0,0.0,0.0,750.0
8286,0.0,0.0,0.0,0.0,0.0,0.0,3000.0,0.0,0.0,3000.0
8287,0.0,0.0,0.0,0.0,0.0,0.0,3000.0,0.0,0.0,3000.0
8288,0.0,0.0,0.0,0.0,0.0,0.0,3000.0,0.0,0.0,3000.0
8289,1792.545,0.0,0.0,0.0,0.0,0.0,1261.23135,0.0,0.0,3053.77635
8290,2625.27,0.0,0.0,0.0,0.0,0.0,453.4881,0.0,0.0,3078.7581
8291,1221.792,0.0,0.0,0.0,0.0,0.0,1814.86176,0.0,0.0,3036.65376
8292,1203.162,0.0,0.0,0.0,0.0,0.0,1832.93286,0.0,0.0,3036.09486
8293,2313.645,0.0,0.0,0.0,0.0,0.0,755.76435,0.0,0.0,3069.40935
8294,0.0,0.0,0.0,0.0,0.0,0.0,3000.0,0.0,0.0,3000.0
8295,0.0,0.0,0.0,0.0,0.0,0.0,3000.0,0.0,0.0,3000.0
8296,0.0,0.0,0.0,0.0,0.0,0.0,3000.0,0.0,0.0,3000.0
8297,0.0,0.0,0.0,0.0,0.0,0.0,3000.0,0.0,0.0,3000.0
8298,0.0,0.0,0.0,0.0,0.0,0.0,3000.0,0.0,0.0,3000.0
8299,0.0,0.0,0.0,0.0,0.0,0.0,3000.0,0.0,0.0,3000.0
8300,0.0,0.0,0.0,0.0,0.0,0.0,3000.0,0.0,0.0,3000.0
8301,0.0,0.0,0.0,0.0,0.0,0.0,3000.0,0.0,0.0,3000.0
8302,0.0,0.0,0.0,0.0,0.0,0.0,3000.0,0.0,0.0,3000.0
8303,0.0,0.0,0.0,0.0,0.0,0.0,0.0,0.0,0.0,0.0
8304,0.0,0.0,0.0,0.0,0.0,0.0,0.0,0.0,0.0,0.0
8305,0.0,0.0,0.0,0.0,0.0,0.0,0.0,0.0,0.0,0.0
8306,0.0,0.0,0.0,0.0,0.0,0.0,0.0,0.0,0.0,0.0
8307,0.0,0.0,0.0,0.0,0.0,0.0,0.0,0.0,0.0,0.0
8308,0.0,0.0,0.0,0.0,0.0,0.0,0.0,0.0,0.0,0.0
8309,0.0,0.0,0.0,0.0,0.0,0.0,750.0,0.0,0.0,750.0
8310,0.0,0.0,0.0,0.0,0.0,0.0,3000.0,0.0,0.0,3000.0
8311,0.0,0.0,0.0,0.0,0.0,0.0,3000.0,0.0,0.0,3000.0
8312,0.0,0.0,0.0,0.0,0.0,0.0,3000.0,0.0,0.0,3000.0
8313,0.0,0.0,0.0,0.0,0.0,0.0,3000.0,0.0,0.0,3000.0
8314,201.282,0.0,0.0,0.0,0.0,0.0,2804.75646,0.0,0.0,3006.03846
8315,126.93405,0.0,0.0,0.0,0.0,0.0,2876.8739715,0.0,0.0,3003.8080215
8316,28.6878,0.0,0.0,0.0,0.0,0.0,2972.172834,0.0,0.0,3000.860634
8317,0.0,0.0,0.0,0.0,0.0,0.0,3000.0,0.0,0.0,3000.0
8318,0.0,0.0,0.0,0.0,0.0,0.0,3000.0,0.0,0.0,3000.0
8319,0.0,0.0,0.0,0.0,0.0,0.0,3000.0,0.0,0.0,3000.0
8320,0.0,0.0,0.0,0.0,0.0,0.0,3000.0,0.0,0.0,3000.0
8321,0.0,0.0,0.0,0.0,0.0,0.0,3000.0,0.0,0.0,3000.0
8322,0.0,0.0,0.0,0.0,0.0,0.0,3000.0,0.0,0.0,3000.0
8323,0.0,0.0,0.0,0.0,0.0,0.0,3000.0,0.0,0.0,3000.0
8324,0.0,0.0,0.0,0.0,0.0,0.0,3000.0,0.0,0.0,3000.0
8325,0.0,0.0,0.0,0.0,0.0,0.0,3000.0,0.0,0.0,3000.0
8326,0.0,0.0,0.0,0.0,0.0,0.0,3000.0,0.0,0.0,3000.0
8327,0.0,0.0,0.0,0.0,0.0,0.0,0.0,0.0,0.0,0.0
8328,0.0,0.0,0.0,0.0,0.0,0.0,0.0,0.0,0.0,0.0
8329,0.0,0.0,0.0,0.0,0.0,0.0,0.0,0.0,0.0,0.0
8330,0.0,0.0,0.0,0.0,0.0,0.0,0.0,0.0,0.0,0.0
8331,0.0,0.0,0.0,0.0,0.0,0.0,0.0,0.0,0.0,0.0
8332,0.0,0.0,0.0,0.0,0.0,0.0,0.0,0.0,0.0,0.0
8333,0.0,0.0,0.0,0.0,0.0,0.0,750.0,0.0,0.0,750.0
8334,0.0,0.0,0.0,0.0,0.0,0.0,3000.0,0.0,0.0,3000.0
8335,0.0,0.0,0.0,0.0,0.0,0.0,3000.0,0.0,0.0,3000.0
8336,0.0,0.0,0.0,0.0,0.0,0.0,3000.0,0.0,0.0,3000.0
8337,12.473055,0.0,0.0,0.0,0.0,0.0,2987.90113665,0.0,0.0,3000.37419165
8338,1366.632,0.0,0.0,0.0,0.0,0.0,1674.36696,0.0,0.0,3040.99896
8339,1911.615,0.0,0.0,0.0,0.0,0.0,1145.73345,0.0,0.0,3057.34845
8340,1160.202,0.0,0.0,0.0,0.0,0.0,1874.60406,0.0,0.0,3034.80606
8341,711.009,0.0,0.0,0.0,0.0,0.0,2310.32127,0.0,0.0,3021.33027
8342,0.0,0.0,0.0,0.0,0.0,0.0,3000.0,0.0,0.0,3000.0
8343,0.0,0.0,0.0,0.0,0.0,0.0,3000.0,0.0,0.0,3000.0
8344,0.0,0.0,0.0,0.0,0.0,0.0,3000.0,0.0,0.0,3000.0
8345,0.0,0.0,0.0,0.0,0.0,0.0,3000.0,0.0,0.0,3000.0
8346,0.0,0.0,0.0,0.0,0.0,0.0,3000.0,0.0,0.0,3000.0
8347,0.0,0.0,0.0,0.0,0.0,0.0,3000.0,0.0,0.0,3000.0
8348,0.0,0.0,0.0,0.0,0.0,0.0,3000.0,0.0,0.0,3000.0
8349,0.0,0.0,0.0,0.0,0.0,0.0,3000.0,0.0,0.0,3000.0
8350,0.0,0.0,0.0,0.0,0.0,0.0,3000.0,0.0,0.0,3000.0
8351,0.0,0.0,0.0,0.0,0.0,0.0,0.0,0.0,0.0,0.0
8352,0.0,0.0,0.0,0.0,0.0,0.0,0.0,0.0,0.0,0.0
8353,0.0,0.0,0.0,0.0,0.0,0.0,0.0,0.0,0.0,0.0
8354,0.0,0.0,0.0,0.0,0.0,0.0,0.0,0.0,0.0,0.0
8355,0.0,0.0,0.0,0.0,0.0,0.0,0.0,0.0,0.0,0.0
8356,0.0,0.0,0.0,0.0,0.0,0.0,0.0,0.0,0.0,0.0
8357,0.0,0.0,0.0,0.0,0.0,0.0,750.0,0.0,0.0,750.0
8358,0.0,0.0,0.0,0.0,0.0,0.0,3000.0,0.0,0.0,3000.0
8359,0.0,0.0,0.0,0.0,0.0,0.0,3000.0,0.0,0.0,3000.0
8360,0.0,0.0,0.0,0.0,0.0,0.0,3000.0,0.0,0.0,3000.0
8361,0.0,0.0,0.0,0.0,0.0,0.0,3000.0,0.0,0.0,3000.0
8362,295.7385,0.0,0.0,0.0,0.0,0.0,2713.133655,0.0,0.0,3008.872155
8363,233.058,0.0,0.0,0.0,0.0,0.0,2773.93374,0.0,0.0,3006.99174
8364,560.2545,0.0,0.0,0.0,0.0,0.0,2456.553135,0.0,0.0,3016.807635
8365,104.7897,0.0,0.0,0.0,0.0,0.0,2898.353991,0.0,0.0,3003.1436909999998
8366,0.0,0.0,0.0,0.0,0.0,0.0,3000.0,0.0,0.0,3000.0
8367,0.0,0.0,0.0,0.0,0.0,0.0,3000.0,0.0,0.0,3000.0
8368,0.0,0.0,0.0,0.0,0.0,0.0,3000.0,0.0,0.0,3000.0
8369,0.0,0.0,0.0,0.0,0.0,0.0,3000.0,0.0,0.0,3000.0
8370,0.0,0.0,0.0,0.0,0.0,0.0,3000.0,0.0,0.0,3000.0
8371,0.0,0.0,0.0,0.0,0.0,0.0,3000.0,0.0,0.0,3000.0
8372,0.0,0.0,0.0,0.0,0.0,0.0,3000.0,0.0,0.0,3000.0
8373,0.0,0.0,0.0,0.0,0.0,0.0,3000.0,0.0,0.0,3000.0
8374,0.0,0.0,0.0,0.0,0.0,0.0,3000.0,0.0,0.0,3000.0
8375,0.0,0.0,0.0,0.0,0.0,0.0,0.0,0.0,0.0,0.0
8376,0.0,0.0,0.0,0.0,0.0,0.0,0.0,0.0,0.0,0.0
8377,0.0,0.0,0.0,0.0,0.0,0.0,0.0,0.0,0.0,0.0
8378,0.0,0.0,0.0,0.0,0.0,0.0,0.0,0.0,0.0,0.0
8379,0.0,0.0,0.0,0.0,0.0,0.0,0.0,0.0,0.0,0.0
8380,0.0,0.0,0.0,0.0,0.0,0.0,0.0,0.0,0.0,0.0
8381,0.0,0.0,0.0,0.0,0.0,0.0,750.0,0.0,0.0,750.0
8382,0.0,0.0,0.0,0.0,0.0,0.0,3000.0,0.0,0.0,3000.0
8383,0.0,0.0,0.0,0.0,0.0,0.0,3000.0,0.0,0.0,3000.0
8384,0.0,0.0,0.0,0.0,0.0,0.0,3000.0,0.0,0.0,3000.0
8385,1378.128,0.0,0.0,0.0,0.0,0.0,1663.21584,0.0,0.0,3041.34384
8386,2319.975,0.0,0.0,0.0,0.0,0.0,749.62425,0.0,0.0,3069.5992499999998
8387,1182.9915,0.0,0.0,0.0,0.0,0.0,1852.498245,0.0,0.0,3035.489745
8388,1017.396,0.0,0.0,0.0,0.0,0.0,2013.12588,0.0,0.0,3030.5218800000002
8389,105.3354,0.0,0.0,0.0,0.0,0.0,2897.824662,0.0,0.0,3003.160062
8390,0.0,0.0,0.0,0.0,0.0,0.0,3000.0,0.0,0.0,3000.0
8391,0.0,0.0,0.0,0.0,0.0,0.0,3000.0,0.0,0.0,3000.0
8392,0.0,0.0,0.0,0.0,0.0,0.0,3000.0,0.0,0.0,3000.0
8393,0.0,0.0,0.0,0.0,0.0,0.0,3000.0,0.0,0.0,3000.0
8394,0.0,0.0,0.0,0.0,0.0,0.0,3000.0,0.0,0.0,3000.0
8395,0.0,0.0,0.0,0.0,0.0,0.0,3000.0,0.0,0.0,3000.0
8396,0.0,0.0,0.0,0.0,0.0,0.0,3000.0,0.0,0.0,3000.0
8397,0.0,0.0,0.0,0.0,0.0,0.0,3000.0,0.0,0.0,3000.0
8398,0.0,0.0,0.0,0.0,0.0,0.0,3000.0,0.0,0.0,3000.0
8399,0.0,0.0,0.0,0.0,0.0,0.0,0.0,0.0,0.0,0.0
8400,0.0,0.0,0.0,0.0,0.0,0.0,0.0,0.0,0.0,0.0
8401,0.0,0.0,0.0,0.0,0.0,0.0,0.0,0.0,0.0,0.0
8402,0.0,0.0,0.0,0.0,0.0,0.0,0.0,0.0,0.0,0.0
8403,0.0,0.0,0.0,0.0,0.0,0.0,0.0,0.0,0.0,0.0
8404,0.0,0.0,0.0,0.0,0.0,0.0,0.0,0.0,0.0,0.0
8405,0.0,0.0,0.0,0.0,0.0,0.0,750.0,0.0,0.0,750.0
8406,0.0,0.0,0.0,0.0,0.0,0.0,3000.0,0.0,0.0,3000.0
8407,0.0,0.0,0.0,0.0,0.0,0.0,3000.0,0.0,0.0,3000.0
8408,0.0,0.0,0.0,0.0,0.0,0.0,3000.0,0.0,0.0,3000.0
8409,128.2992,0.0,0.0,0.0,0.0,0.0,2875.549776,0.0,0.0,3003.8489759999998
8410,1197.3195,0.0,0.0,0.0,0.0,0.0,1838.600085,0.0,0.0,3035.919585
8411,411.5655,0.0,0.0,0.0,0.0,0.0,2600.781465,0.0,0.0,3012.346965
8412,1001.736,0.0,0.0,0.0,0.0,0.0,2028.31608,0.0,0.0,3030.05208
8413,548.73,0.0,0.0,0.0,0.0,0.0,2467.7319,0.0,0.0,3016.4619000000002
8414,0.0,0.0,0.0,0.0,0.0,0.0,3000.0,0.0,0.0,3000.0
8415,0.0,0.0,0.0,0.0,0.0,0.0,3000.0,0.0,0.0,3000.0
8416,0.0,0.0,0.0,0.0,0.0,0.0,3000.0,0.0,0.0,3000.0
8417,0.0,0.0,0.0,0.0,0.0,0.0,3000.0,0.0,0.0,3000.0
8418,0.0,0.0,0.0,0.0,0.0,0.0,3000.0,0.0,0.0,3000.0
8419,0.0,0.0,0.0,0.0,0.0,0.0,3000.0,0.0,0.0,3000.0
8420,0.0,0.0,0.0,0.0,0.0,0.0,3000.0,0.0,0.0,3000.0
8421,0.0,0.0,0.0,0.0,0.0,0.0,3000.0,0.0,0.0,3000.0
8422,0.0,0.0,0.0,0.0,0.0,0.0,3000.0,0.0,0.0,3000.0
8423,0.0,0.0,0.0,0.0,0.0,0.0,0.0,0.0,0.0,0.0
8424,0.0,0.0,0.0,0.0,0.0,0.0,0.0,0.0,0.0,0.0
8425,0.0,0.0,0.0,0.0,0.0,0.0,0.0,0.0,0.0,0.0
8426,0.0,0.0,0.0,0.0,0.0,0.0,0.0,0.0,0.0,0.0
8427,0.0,0.0,0.0,0.0,0.0,0.0,0.0,0.0,0.0,0.0
8428,0.0,0.0,0.0,0.0,0.0,0.0,0.0,0.0,0.0,0.0
8429,0.0,0.0,0.0,0.0,0.0,0.0,750.0,0.0,0.0,750.0
8430,0.0,0.0,0.0,0.0,0.0,0.0,3000.0,0.0,0.0,3000.0
8431,0.0,0.0,0.0,0.0,0.0,0.0,3000.0,0.0,0.0,3000.0
8432,0.0,0.0,0.0,0.0,0.0,0.0,3000.0,0.0,0.0,3000.0
8433,1227.303,0.0,0.0,0.0,0.0,0.0,1809.51609,0.0,0.0,3036.81909
8434,1157.835,0.0,0.0,0.0,0.0,0.0,1876.90005,0.0,0.0,3034.7350500000002
8435,967.1955,0.0,0.0,0.0,0.0,0.0,2061.820365,0.0,0.0,3029.0158650000003
8436,985.647,0.0,0.0,0.0,0.0,0.0,2043.92241,0.0,0.0,3029.56941
8437,105.0303,0.0,0.0,0.0,0.0,0.0,2898.120609,0.0,0.0,3003.150909
8438,0.0,0.0,0.0,0.0,0.0,0.0,3000.0,0.0,0.0,3000.0
8439,0.0,0.0,0.0,0.0,0.0,0.0,3000.0,0.0,0.0,3000.0
8440,0.0,0.0,0.0,0.0,0.0,0.0,3000.0,0.0,0.0,3000.0
8441,0.0,0.0,0.0,0.0,0.0,0.0,3000.0,0.0,0.0,3000.0
8442,0.0,0.0,0.0,0.0,0.0,0.0,3000.0,0.0,0.0,3000.0
8443,0.0,0.0,0.0,0.0,0.0,0.0,3000.0,0.0,0.0,3000.0
8444,0.0,0.0,0.0,0.0,0.0,0.0,3000.0,0.0,0.0,3000.0
8445,0.0,0.0,0.0,0.0,0.0,0.0,3000.0,0.0,0.0,3000.0
8446,0.0,0.0,0.0,0.0,0.0,0.0,3000.0,0.0,0.0,3000.0
8447,0.0,0.0,0.0,0.0,0.0,0.0,0.0,0.0,0.0,0.0
8448,0.0,0.0,0.0,0.0,0.0,0.0,0.0,0.0,0.0,0.0
8449,0.0,0.0,0.0,0.0,0.0,0.0,0.0,0.0,0.0,0.0
8450,0.0,0.0,0.0,0.0,0.0,0.0,0.0,0.0,0.0,0.0
8451,0.0,0.0,0.0,0.0,0.0,0.0,0.0,0.0,0.0,0.0
8452,0.0,0.0,0.0,0.0,0.0,0.0,0.0,0.0,0.0,0.0
8453,0.0,0.0,0.0,0.0,0.0,0.0,750.0,0.0,0.0,750.0
8454,0.0,0.0,0.0,0.0,0.0,0.0,3000.0,0.0,0.0,3000.0
8455,0.0,0.0,0.0,0.0,0.0,0.0,3000.0,0.0,0.0,3000.0
8456,0.0,0.0,0.0,0.0,0.0,0.0,3000.0,0.0,0.0,3000.0
8457,18.99675,0.0,0.0,0.0,0.0,0.0,2981.5731525,0.0,0.0,3000.5699025
8458,24.1668,0.0,0.0,0.0,0.0,0.0,2976.558204,0.0,0.0,3000.725004
8459,55.2246,0.0,0.0,0.0,0.0,0.0,2946.432138,0.0,0.0,3001.656738
8460,133.82235,0.0,0.0,0.0,0.0,0.0,2870.1923205,0.0,0.0,3004.0146704999997
8461,0.0,0.0,0.0,0.0,0.0,0.0,3000.0,0.0,0.0,3000.0
8462,0.0,0.0,0.0,0.0,0.0,0.0,3000.0,0.0,0.0,3000.0
8463,0.0,0.0,0.0,0.0,0.0,0.0,3000.0,0.0,0.0,3000.0
8464,0.0,0.0,0.0,0.0,0.0,0.0,3000.0,0.0,0.0,3000.0
8465,0.0,0.0,0.0,0.0,0.0,0.0,3000.0,0.0,0.0,3000.0
8466,0.0,0.0,0.0,0.0,0.0,0.0,3000.0,0.0,0.0,3000.0
8467,0.0,0.0,0.0,0.0,0.0,0.0,3000.0,0.0,0.0,3000.0
8468,0.0,0.0,0.0,0.0,0.0,0.0,3000.0,0.0,0.0,3000.0
8469,0.0,0.0,0.0,0.0,0.0,0.0,3000.0,0.0,0.0,3000.0
8470,0.0,0.0,0.0,0.0,0.0,0.0,3000.0,0.0,0.0,3000.0
8471,0.0,0.0,0.0,0.0,0.0,0.0,0.0,0.0,0.0,0.0
8472,0.0,0.0,0.0,0.0,0.0,0.0,0.0,0.0,0.0,0.0
8473,0.0,0.0,0.0,0.0,0.0,0.0,0.0,0.0,0.0,0.0
8474,0.0,0.0,0.0,0.0,0.0,0.0,0.0,0.0,0.0,0.0
8475,0.0,0.0,0.0,0.0,0.0,0.0,0.0,0.0,0.0,0.0
8476,0.0,0.0,0.0,0.0,0.0,0.0,0.0,0.0,0.0,0.0
8477,0.0,0.0,0.0,0.0,0.0,0.0,750.0,0.0,0.0,750.0
8478,0.0,0.0,0.0,0.0,0.0,0.0,3000.0,0.0,0.0,3000.0
8479,0.0,0.0,0.0,0.0,0.0,0.0,3000.0,0.0,0.0,3000.0
8480,0.0,0.0,0.0,0.0,0.0,0.0,3000.0,0.0,0.0,3000.0
8481,622.1115,0.0,0.0,0.0,0.0,0.0,2396.551845,0.0,0.0,3018.663345
8482,49.8204,0.0,0.0,0.0,0.0,0.0,2951.674212,0.0,0.0,3001.494612
8483,136.8903,0.0,0.0,0.0,0.0,0.0,2867.216409,0.0,0.0,3004.106709
8484,30.1212,0.0,0.0,0.0,0.0,0.0,2970.782436,0.0,0.0,3000.903636
8485,0.0,0.0,0.0,0.0,0.0,0.0,3000.0,0.0,0.0,3000.0
8486,0.0,0.0,0.0,0.0,0.0,0.0,3000.0,0.0,0.0,3000.0
8487,0.0,0.0,0.0,0.0,0.0,0.0,3000.0,0.0,0.0,3000.0
8488,0.0,0.0,0.0,0.0,0.0,0.0,3000.0,0.0,0.0,3000.0
8489,0.0,0.0,0.0,0.0,0.0,0.0,3000.0,0.0,0.0,3000.0
8490,0.0,0.0,0.0,0.0,0.0,0.0,3000.0,0.0,0.0,3000.0
8491,0.0,0.0,0.0,0.0,0.0,0.0,3000.0,0.0,0.0,3000.0
8492,0.0,0.0,0.0,0.0,0.0,0.0,3000.0,0.0,0.0,3000.0
8493,0.0,0.0,0.0,0.0,0.0,0.0,3000.0,0.0,0.0,3000.0
8494,0.0,0.0,0.0,0.0,0.0,0.0,3000.0,0.0,0.0,3000.0
8495,0.0,0.0,0.0,0.0,0.0,0.0,0.0,0.0,0.0,0.0
8496,0.0,0.0,0.0,0.0,0.0,0.0,0.0,0.0,0.0,0.0
8497,0.0,0.0,0.0,0.0,0.0,0.0,0.0,0.0,0.0,0.0
8498,0.0,0.0,0.0,0.0,0.0,0.0,0.0,0.0,0.0,0.0
8499,0.0,0.0,0.0,0.0,0.0,0.0,0.0,0.0,0.0,0.0
8500,0.0,0.0,0.0,0.0,0.0,0.0,0.0,0.0,0.0,0.0
8501,0.0,0.0,0.0,0.0,0.0,0.0,750.0,0.0,0.0,750.0
8502,0.0,0.0,0.0,0.0,0.0,0.0,3000.0,0.0,0.0,3000.0
8503,0.0,0.0,0.0,0.0,0.0,0.0,3000.0,0.0,0.0,3000.0
8504,0.0,0.0,0.0,0.0,0.0,0.0,3000.0,0.0,0.0,3000.0
8505,575.9415,0.0,0.0,0.0,0.0,0.0,2441.336745,0.0,0.0,3017.278245
8506,14.86419,0.0,0.0,0.0,0.0,0.0,2985.5817357,0.0,0.0,3000.4459257
8507,55.1754,0.0,0.0,0.0,0.0,0.0,2946.479862,0.0,0.0,3001.655262
8508,64.36095,0.0,0.0,0.0,0.0,0.0,2937.5698785,0.0,0.0,3001.9308284999997
8509,0.0,0.0,0.0,0.0,0.0,0.0,3000.0,0.0,0.0,3000.0
8510,0.0,0.0,0.0,0.0,0.0,0.0,3000.0,0.0,0.0,3000.0
8511,0.0,0.0,0.0,0.0,0.0,0.0,3000.0,0.0,0.0,3000.0
8512,0.0,0.0,0.0,0.0,0.0,0.0,3000.0,0.0,0.0,3000.0
8513,0.0,0.0,0.0,0.0,0.0,0.0,3000.0,0.0,0.0,3000.0
8514,0.0,0.0,0.0,0.0,0.0,0.0,3000.0,0.0,0.0,3000.0
8515,0.0,0.0,0.0,0.0,0.0,0.0,3000.0,0.0,0.0,3000.0
8516,0.0,0.0,0.0,0.0,0.0,0.0,3000.0,0.0,0.0,3000.0
8517,0.0,0.0,0.0,0.0,0.0,0.0,3000.0,0.0,0.0,3000.0
8518,0.0,0.0,0.0,0.0,0.0,0.0,3000.0,0.0,0.0,3000.0
8519,0.0,0.0,0.0,0.0,0.0,0.0,0.0,0.0,0.0,0.0
8520,0.0,0.0,0.0,0.0,0.0,0.0,0.0,0.0,0.0,0.0
8521,0.0,0.0,0.0,0.0,0.0,0.0,0.0,0.0,0.0,0.0
8522,0.0,0.0,0.0,0.0,0.0,0.0,0.0,0.0,0.0,0.0
8523,0.0,0.0,0.0,0.0,0.0,0.0,0.0,0.0,0.0,0.0
8524,0.0,0.0,0.0,0.0,0.0,0.0,0.0,0.0,0.0,0.0
8525,0.0,0.0,0.0,0.0,0.0,0.0,750.0,0.0,0.0,750.0
8526,0.0,0.0,0.0,0.0,0.0,0.0,3000.0,0.0,0.0,3000.0
8527,0.0,0.0,0.0,0.0,0.0,0.0,3000.0,0.0,0.0,3000.0
8528,0.0,0.0,0.0,0.0,0.0,0.0,3000.0,0.0,0.0,3000.0
8529,0.0,0.0,0.0,0.0,0.0,0.0,3000.0,0.0,0.0,3000.0
8530,6.386325,0.0,0.0,0.0,0.0,0.0,2993.80526475,0.0,0.0,3000.19158975
8531,55.5996,0.0,0.0,0.0,0.0,0.0,2946.068388,0.0,0.0,3001.667988
8532,30.46935,0.0,0.0,0.0,0.0,0.0,2970.4447305,0.0,0.0,3000.9140804999997
8533,0.0,0.0,0.0,0.0,0.0,0.0,3000.0,0.0,0.0,3000.0
8534,0.0,0.0,0.0,0.0,0.0,0.0,3000.0,0.0,0.0,3000.0
8535,0.0,0.0,0.0,0.0,0.0,0.0,3000.0,0.0,0.0,3000.0
8536,0.0,0.0,0.0,0.0,0.0,0.0,3000.0,0.0,0.0,3000.0
8537,0.0,0.0,0.0,0.0,0.0,0.0,3000.0,0.0,0.0,3000.0
8538,0.0,0.0,0.0,0.0,0.0,0.0,3000.0,0.0,0.0,3000.0
8539,0.0,0.0,0.0,0.0,0.0,0.0,3000.0,0.0,0.0,3000.0
8540,0.0,0.0,0.0,0.0,0.0,0.0,3000.0,0.0,0.0,3000.0
8541,0.0,0.0,0.0,0.0,0.0,0.0,3000.0,0.0,0.0,3000.0
8542,0.0,0.0,0.0,0.0,0.0,0.0,3000.0,0.0,0.0,3000.0
8543,0.0,0.0,0.0,0.0,0.0,0.0,0.0,0.0,0.0,0.0
8544,0.0,0.0,0.0,0.0,0.0,0.0,0.0,0.0,0.0,0.0
8545,0.0,0.0,0.0,0.0,0.0,0.0,0.0,0.0,0.0,0.0
8546,0.0,0.0,0.0,0.0,0.0,0.0,0.0,0.0,0.0,0.0
8547,0.0,0.0,0.0,0.0,0.0,0.0,0.0,0.0,0.0,0.0
8548,0.0,0.0,0.0,0.0,0.0,0.0,0.0,0.0,0.0,0.0
8549,0.0,0.0,0.0,0.0,0.0,0.0,750.0,0.0,0.0,750.0
8550,0.0,0.0,0.0,0.0,0.0,0.0,3000.0,0.0,0.0,3000.0
8551,0.0,0.0,0.0,0.0,0.0,0.0,3000.0,0.0,0.0,3000.0
8552,0.0,0.0,0.0,0.0,0.0,0.0,3000.0,0.0,0.0,3000.0
8553,987.174,0.0,0.0,0.0,0.0,0.0,2042.44122,0.0,0.0,3029.6152199999997
8554,47.5401,0.0,0.0,0.0,0.0,0.0,2953.886103,0.0,0.0,3001.426203
8555,285.3945,0.0,0.0,0.0,0.0,0.0,2723.167335,0.0,0.0,3008.561835
8556,684.3525,0.0,0.0,0.0,0.0,0.0,2336.178075,0.0,0.0,3020.5305749999998
8557,220.5075,0.0,0.0,0.0,0.0,0.0,2786.107725,0.0,0.0,3006.615225
8558,0.0,0.0,0.0,0.0,0.0,0.0,3000.0,0.0,0.0,3000.0
8559,0.0,0.0,0.0,0.0,0.0,0.0,3000.0,0.0,0.0,3000.0
8560,0.0,0.0,0.0,0.0,0.0,0.0,3000.0,0.0,0.0,3000.0
8561,0.0,0.0,0.0,0.0,0.0,0.0,3000.0,0.0,0.0,3000.0
8562,0.0,0.0,0.0,0.0,0.0,0.0,3000.0,0.0,0.0,3000.0
8563,0.0,0.0,0.0,0.0,0.0,0.0,3000.0,0.0,0.0,3000.0
8564,0.0,0.0,0.0,0.0,0.0,0.0,3000.0,0.0,0.0,3000.0
8565,0.0,0.0,0.0,0.0,0.0,0.0,3000.0,0.0,0.0,3000.0
8566,0.0,0.0,0.0,0.0,0.0,0.0,3000.0,0.0,0.0,3000.0
8567,0.0,0.0,0.0,0.0,0.0,0.0,0.0,0.0,0.0,0.0
8568,0.0,0.0,0.0,0.0,0.0,0.0,0.0,0.0,0.0,0.0
8569,0.0,0.0,0.0,0.0,0.0,0.0,0.0,0.0,0.0,0.0
8570,0.0,0.0,0.0,0.0,0.0,0.0,0.0,0.0,0.0,0.0
8571,0.0,0.0,0.0,0.0,0.0,0.0,0.0,0.0,0.0,0.0
8572,0.0,0.0,0.0,0.0,0.0,0.0,0.0,0.0,0.0,0.0
8573,0.0,0.0,0.0,0.0,0.0,0.0,750.0,0.0,0.0,750.0
8574,0.0,0.0,0.0,0.0,0.0,0.0,3000.0,0.0,0.0,3000.0
8575,0.0,0.0,0.0,0.0,0.0,0.0,3000.0,0.0,0.0,3000.0
8576,0.0,0.0,0.0,0.0,0.0,0.0,3000.0,0.0,0.0,3000.0
8577,1639.635,0.0,0.0,0.0,0.0,0.0,1409.55405,0.0,0.0,3049.18905
8578,1970.16,0.0,0.0,0.0,0.0,0.0,1088.9448,0.0,0.0,3059.1048
8579,1168.077,0.0,0.0,0.0,0.0,0.0,1866.96531,0.0,0.0,3035.04231
8580,974.586,0.0,0.0,0.0,0.0,0.0,2054.65158,0.0,0.0,3029.23758
8581,0.0,0.0,0.0,0.0,0.0,0.0,3000.0,0.0,0.0,3000.0
8582,0.0,0.0,0.0,0.0,0.0,0.0,3000.0,0.0,0.0,3000.0
8583,0.0,0.0,0.0,0.0,0.0,0.0,3000.0,0.0,0.0,3000.0
8584,0.0,0.0,0.0,0.0,0.0,0.0,3000.0,0.0,0.0,3000.0
8585,0.0,0.0,0.0,0.0,0.0,0.0,3000.0,0.0,0.0,3000.0
8586,0.0,0.0,0.0,0.0,0.0,0.0,3000.0,0.0,0.0,3000.0
8587,0.0,0.0,0.0,0.0,0.0,0.0,3000.0,0.0,0.0,3000.0
8588,0.0,0.0,0.0,0.0,0.0,0.0,3000.0,0.0,0.0,3000.0
8589,0.0,0.0,0.0,0.0,0.0,0.0,3000.0,0.0,0.0,3000.0
8590,0.0,0.0,0.0,0.0,0.0,0.0,3000.0,0.0,0.0,3000.0
8591,0.0,0.0,0.0,0.0,0.0,0.0,0.0,0.0,0.0,0.0
8592,0.0,0.0,0.0,0.0,0.0,0.0,0.0,0.0,0.0,0.0
8593,0.0,0.0,0.0,0.0,0.0,0.0,0.0,0.0,0.0,0.0
8594,0.0,0.0,0.0,0.0,0.0,0.0,0.0,0.0,0.0,0.0
8595,0.0,0.0,0.0,0.0,0.0,0.0,0.0,0.0,0.0,0.0
8596,0.0,0.0,0.0,0.0,0.0,0.0,0.0,0.0,0.0,0.0
8597,0.0,0.0,0.0,0.0,0.0,0.0,750.0,0.0,0.0,750.0
8598,0.0,0.0,0.0,0.0,0.0,0.0,3000.0,0.0,0.0,3000.0
8599,0.0,0.0,0.0,0.0,0.0,0.0,3000.0,0.0,0.0,3000.0
8600,0.0,0.0,0.0,0.0,0.0,0.0,3000.0,0.0,0.0,3000.0
8601,538.566,0.0,0.0,0.0,0.0,0.0,2477.59098,0.0,0.0,3016.1569799999997
8602,6.00162,0.0,0.0,0.0,0.0,0.0,2994.1784286,0.0,0.0,3000.1800486
8603,300.9375,0.0,0.0,0.0,0.0,0.0,2708.090625,0.0,0.0,3009.028125
8604,724.0725,0.0,0.0,0.0,0.0,0.0,2297.649675,0.0,0.0,3021.722175
8605,0.0,0.0,0.0,0.0,0.0,0.0,3000.0,0.0,0.0,3000.0
8606,0.0,0.0,0.0,0.0,0.0,0.0,3000.0,0.0,0.0,3000.0
8607,0.0,0.0,0.0,0.0,0.0,0.0,3000.0,0.0,0.0,3000.0
8608,0.0,0.0,0.0,0.0,0.0,0.0,3000.0,0.0,0.0,3000.0
8609,0.0,0.0,0.0,0.0,0.0,0.0,3000.0,0.0,0.0,3000.0
8610,0.0,0.0,0.0,0.0,0.0,0.0,3000.0,0.0,0.0,3000.0
8611,0.0,0.0,0.0,0.0,0.0,0.0,3000.0,0.0,0.0,3000.0
8612,0.0,0.0,0.0,0.0,0.0,0.0,3000.0,0.0,0.0,3000.0
8613,0.0,0.0,0.0,0.0,0.0,0.0,3000.0,0.0,0.0,3000.0
8614,0.0,0.0,0.0,0.0,0.0,0.0,3000.0,0.0,0.0,3000.0
8615,0.0,0.0,0.0,0.0,0.0,0.0,0.0,0.0,0.0,0.0
8616,0.0,0.0,0.0,0.0,0.0,0.0,0.0,0.0,0.0,0.0
8617,0.0,0.0,0.0,0.0,0.0,0.0,0.0,0.0,0.0,0.0
8618,0.0,0.0,0.0,0.0,0.0,0.0,0.0,0.0,0.0,0.0
8619,0.0,0.0,0.0,0.0,0.0,0.0,0.0,0.0,0.0,0.0
8620,0.0,0.0,0.0,0.0,0.0,0.0,0.0,0.0,0.0,0.0
8621,0.0,0.0,0.0,0.0,0.0,0.0,750.0,0.0,0.0,750.0
8622,0.0,0.0,0.0,0.0,0.0,0.0,3000.0,0.0,0.0,3000.0
8623,0.0,0.0,0.0,0.0,0.0,0.0,3000.0,0.0,0.0,3000.0
8624,0.0,0.0,0.0,0.0,0.0,0.0,3000.0,0.0,0.0,3000.0
8625,0.0,0.0,0.0,0.0,0.0,0.0,3000.0,0.0,0.0,3000.0
8626,6.11733,0.0,0.0,0.0,0.0,0.0,2994.0661899,0.0,0.0,3000.1835199
8627,36.2874,0.0,0.0,0.0,0.0,0.0,2964.801222,0.0,0.0,3001.088622
8628,31.7073,0.0,0.0,0.0,0.0,0.0,2969.243919,0.0,0.0,3000.951219
8629,0.0,0.0,0.0,0.0,0.0,0.0,3000.0,0.0,0.0,3000.0
8630,0.0,0.0,0.0,0.0,0.0,0.0,3000.0,0.0,0.0,3000.0
8631,0.0,0.0,0.0,0.0,0.0,0.0,3000.0,0.0,0.0,3000.0
8632,0.0,0.0,0.0,0.0,0.0,0.0,3000.0,0.0,0.0,3000.0
8633,0.0,0.0,0.0,0.0,0.0,0.0,3000.0,0.0,0.0,3000.0
8634,0.0,0.0,0.0,0.0,0.0,0.0,3000.0,0.0,0.0,3000.0
8635,0.0,0.0,0.0,0.0,0.0,0.0,3000.0,0.0,0.0,3000.0
8636,0.0,0.0,0.0,0.0,0.0,0.0,3000.0,0.0,0.0,3000.0
8637,0.0,0.0,0.0,0.0,0.0,0.0,3000.0,0.0,0.0,3000.0
8638,0.0,0.0,0.0,0.0,0.0,0.0,3000.0,0.0,0.0,3000.0
8639,0.0,0.0,0.0,0.0,0.0,0.0,0.0,0.0,0.0,0.0
8640,0.0,0.0,0.0,0.0,0.0,0.0,0.0,0.0,0.0,0.0
8641,0.0,0.0,0.0,0.0,0.0,0.0,0.0,0.0,0.0,0.0
8642,0.0,0.0,0.0,0.0,0.0,0.0,0.0,0.0,0.0,0.0
8643,0.0,0.0,0.0,0.0,0.0,0.0,0.0,0.0,0.0,0.0
8644,0.0,0.0,0.0,0.0,0.0,0.0,0.0,0.0,0.0,0.0
8645,0.0,0.0,0.0,0.0,0.0,0.0,750.0,0.0,0.0,750.0
8646,0.0,0.0,0.0,0.0,0.0,0.0,3000.0,0.0,0.0,3000.0
8647,0.0,0.0,0.0,0.0,0.0,0.0,3000.0,0.0,0.0,3000.0
8648,0.0,0.0,0.0,0.0,0.0,0.0,3000.0,0.0,0.0,3000.0
8649,53.3019,0.0,0.0,0.0,0.0,0.0,2948.297157,0.0,0.0,3001.599057
8650,211.7895,0.0,0.0,0.0,0.0,0.0,2794.564185,0.0,0.0,3006.353685
8651,76.53345,0.0,0.0,0.0,0.0,0.0,2925.7625535,0.0,0.0,3002.2960035
8652,32.06745,0.0,0.0,0.0,0.0,0.0,2968.8945735,0.0,0.0,3000.9620235
8653,0.0,0.0,0.0,0.0,0.0,0.0,3000.0,0.0,0.0,3000.0
8654,0.0,0.0,0.0,0.0,0.0,0.0,3000.0,0.0,0.0,3000.0
8655,0.0,0.0,0.0,0.0,0.0,0.0,3000.0,0.0,0.0,3000.0
8656,0.0,0.0,0.0,0.0,0.0,0.0,3000.0,0.0,0.0,3000.0
8657,0.0,0.0,0.0,0.0,0.0,0.0,3000.0,0.0,0.0,3000.0
8658,0.0,0.0,0.0,0.0,0.0,0.0,3000.0,0.0,0.0,3000.0
8659,0.0,0.0,0.0,0.0,0.0,0.0,3000.0,0.0,0.0,3000.0
8660,0.0,0.0,0.0,0.0,0.0,0.0,3000.0,0.0,0.0,3000.0
8661,0.0,0.0,0.0,0.0,0.0,0.0,3000.0,0.0,0.0,3000.0
8662,0.0,0.0,0.0,0.0,0.0,0.0,3000.0,0.0,0.0,3000.0
8663,0.0,0.0,0.0,0.0,0.0,0.0,0.0,0.0,0.0,0.0
8664,0.0,0.0,0.0,0.0,0.0,0.0,0.0,0.0,0.0,0.0
8665,0.0,0.0,0.0,0.0,0.0,0.0,0.0,0.0,0.0,0.0
8666,0.0,0.0,0.0,0.0,0.0,0.0,0.0,0.0,0.0,0.0
8667,0.0,0.0,0.0,0.0,0.0,0.0,0.0,0.0,0.0,0.0
8668,0.0,0.0,0.0,0.0,0.0,0.0,0.0,0.0,0.0,0.0
8669,0.0,0.0,0.0,0.0,0.0,0.0,750.0,0.0,0.0,750.0
8670,0.0,0.0,0.0,0.0,0.0,0.0,3000.0,0.0,0.0,3000.0
8671,0.0,0.0,0.0,0.0,0.0,0.0,3000.0,0.0,0.0,3000.0
8672,0.0,0.0,0.0,0.0,0.0,0.0,3000.0,0.0,0.0,3000.0
8673,0.0,0.0,0.0,0.0,0.0,0.0,3000.0,0.0,0.0,3000.0
8674,834.15,0.0,0.0,0.0,0.0,0.0,2190.8745,0.0,0.0,3025.0245
8675,75.9411,0.0,0.0,0.0,0.0,0.0,2926.337133,0.0,0.0,3002.278233
8676,31.9974,0.0,0.0,0.0,0.0,0.0,2968.962522,0.0,0.0,3000.959922
8677,0.0,0.0,0.0,0.0,0.0,0.0,3000.0,0.0,0.0,3000.0
8678,0.0,0.0,0.0,0.0,0.0,0.0,3000.0,0.0,0.0,3000.0
8679,0.0,0.0,0.0,0.0,0.0,0.0,3000.0,0.0,0.0,3000.0
8680,0.0,0.0,0.0,0.0,0.0,0.0,3000.0,0.0,0.0,3000.0
8681,0.0,0.0,0.0,0.0,0.0,0.0,3000.0,0.0,0.0,3000.0
8682,0.0,0.0,0.0,0.0,0.0,0.0,3000.0,0.0,0.0,3000.0
8683,0.0,0.0,0.0,0.0,0.0,0.0,3000.0,0.0,0.0,3000.0
8684,0.0,0.0,0.0,0.0,0.0,0.0,3000.0,0.0,0.0,3000.0
8685,0.0,0.0,0.0,0.0,0.0,0.0,3000.0,0.0,0.0,3000.0
8686,0.0,0.0,0.0,0.0,0.0,0.0,3000.0,0.0,0.0,3000.0
8687,0.0,0.0,0.0,0.0,0.0,0.0,0.0,0.0,0.0,0.0
8688,0.0,0.0,0.0,0.0,0.0,0.0,0.0,0.0,0.0,0.0
8689,0.0,0.0,0.0,0.0,0.0,0.0,0.0,0.0,0.0,0.0
8690,0.0,0.0,0.0,0.0,0.0,0.0,0.0,0.0,0.0,0.0
8691,0.0,0.0,0.0,0.0,0.0,0.0,0.0,0.0,0.0,0.0
8692,0.0,0.0,0.0,0.0,0.0,0.0,0.0,0.0,0.0,0.0
8693,0.0,0.0,0.0,0.0,0.0,0.0,750.0,0.0,0.0,750.0
8694,0.0,0.0,0.0,0.0,0.0,0.0,3000.0,0.0,0.0,3000.0
8695,0.0,0.0,0.0,0.0,0.0,0.0,3000.0,0.0,0.0,3000.0
8696,0.0,0.0,0.0,0.0,0.0,0.0,3000.0,0.0,0.0,3000.0
8697,66.08625,0.0,0.0,0.0,0.0,0.0,2935.8963375,0.0,0.0,3001.9825874999997
8698,14.891235,0.0,0.0,0.0,0.0,0.0,2985.55550205,0.0,0.0,3000.44673705
8699,251.364,0.0,0.0,0.0,0.0,0.0,2756.17692,0.0,0.0,3007.54092
8700,67.43115,0.0,0.0,0.0,0.0,0.0,2934.5917845,0.0,0.0,3002.0229345
8701,0.0,0.0,0.0,0.0,0.0,0.0,3000.0,0.0,0.0,3000.0
8702,0.0,0.0,0.0,0.0,0.0,0.0,3000.0,0.0,0.0,3000.0
8703,0.0,0.0,0.0,0.0,0.0,0.0,3000.0,0.0,0.0,3000.0
8704,0.0,0.0,0.0,0.0,0.0,0.0,3000.0,0.0,0.0,3000.0
8705,0.0,0.0,0.0,0.0,0.0,0.0,3000.0,0.0,0.0,3000.0
8706,0.0,0.0,0.0,0.0,0.0,0.0,3000.0,0.0,0.0,3000.0
8707,0.0,0.0,0.0,0.0,0.0,0.0,3000.0,0.0,0.0,3000.0
8708,0.0,0.0,0.0,0.0,0.0,0.0,3000.0,0.0,0.0,3000.0
8709,0.0,0.0,0.0,0.0,0.0,0.0,3000.0,0.0,0.0,3000.0
8710,0.0,0.0,0.0,0.0,0.0,0.0,3000.0,0.0,0.0,3000.0
8711,0.0,0.0,0.0,0.0,0.0,0.0,0.0,0.0,0.0,0.0
8712,0.0,0.0,0.0,0.0,0.0,0.0,0.0,0.0,0.0,0.0
8713,0.0,0.0,0.0,0.0,0.0,0.0,0.0,0.0,0.0,0.0
8714,0.0,0.0,0.0,0.0,0.0,0.0,0.0,0.0,0.0,0.0
8715,0.0,0.0,0.0,0.0,0.0,0.0,0.0,0.0,0.0,0.0
8716,0.0,0.0,0.0,0.0,0.0,0.0,0.0,0.0,0.0,0.0
8717,0.0,0.0,0.0,0.0,0.0,0.0,750.0,0.0,0.0,750.0
8718,0.0,0.0,0.0,0.0,0.0,0.0,3000.0,0.0,0.0,3000.0
8719,0.0,0.0,0.0,0.0,0.0,0.0,3000.0,0.0,0.0,3000.0
8720,0.0,0.0,0.0,0.0,0.0,0.0,3000.0,0.0,0.0,3000.0
8721,631.029,0.0,0.0,0.0,0.0,0.0,2387.90187,0.0,0.0,3018.93087
8722,32.6457,0.0,0.0,0.0,0.0,0.0,2968.333671,0.0,0.0,3000.979371
8723,96.8856,0.0,0.0,0.0,0.0,0.0,2906.020968,0.0,0.0,3002.906568
8724,44.45355,0.0,0.0,0.0,0.0,0.0,2956.8800565,0.0,0.0,3001.3336065000003
8725,0.0,0.0,0.0,0.0,0.0,0.0,3000.0,0.0,0.0,3000.0
8726,0.0,0.0,0.0,0.0,0.0,0.0,3000.0,0.0,0.0,3000.0
8727,0.0,0.0,0.0,0.0,0.0,0.0,3000.0,0.0,0.0,3000.0
8728,0.0,0.0,0.0,0.0,0.0,0.0,3000.0,0.0,0.0,3000.0
8729,0.0,0.0,0.0,0.0,0.0,0.0,3000.0,0.0,0.0,3000.0
8730,0.0,0.0,0.0,0.0,0.0,0.0,3000.0,0.0,0.0,3000.0
8731,0.0,0.0,0.0,0.0,0.0,0.0,3000.0,0.0,0.0,3000.0
8732,0.0,0.0,0.0,0.0,0.0,0.0,3000.0,0.0,0.0,3000.0
8733,0.0,0.0,0.0,0.0,0.0,0.0,3000.0,0.0,0.0,3000.0
8734,0.0,0.0,0.0,0.0,0.0,0.0,3000.0,0.0,0.0,3000.0
8735,0.0,0.0,0.0,0.0,0.0,0.0,0.0,0.0,0.0,0.0
8736,,,,,,,,,,
8737,,,,,,,,,,
8738,,,,,,,,,,
8739,,,,,,,,,,
8740,,,,,,,,,,
8741,,,,,,,,,,
8742,,,,,,,,,,
8743,,,,,,,,,,
8744,,,,,,,,,,
8745,,,,,,,,,,
8746,,,,,,,,,,
8747,,,,,,,,,,
8748,,,,,,,,,,
8749,,,,,,,,,,
8750,,,,,,,,,,
8751,,,,,,,,,,
8752,,,,,,,,,,
8753,,,,,,,,,,
8754,,,,,,,,,,
8755,,,,,,,,,,
8756,,,,,,,,,,
8757,,,,,,,,,,
8758,,,,,,,,,,
8759,,,,,,,,,,
8760,,,,,,,,,,
8761,,,,,,,,,,
8762,,,,,,,,,,
8763,,,,,,,,,,
8764,,,,,,,,,,
8765,,,,,,,,,,
8766,,,,,,,,,,
8767,,,,,,,,,,
8768,,,,,,,,,,
8769,,,,,,,,,,
8770,,,,,,,,,,
8771,,,,,,,,,,
8772,,,,,,,,,,
8773,,,,,,,,,,
8774,,,,,,,,,,
8775,,,,,,,,,,
8776,,,,,,,,,,
8777,,,,,,,,,,
8778,,,,,,,,,,
8779,,,,,,,,,,
8780,,,,,,,,,,
8781,,,,,,,,,,
8782,,,,,,,,,,
8783,,,,,,,,,,
